1	6961.39295586	11834	3165
2	6890.04373415	11841	3158
3	6901.59114031	11830	3169
0.194559587	0	0
0.670878713	1	1
0.818112789	1	1
0.084408448	0	0
0.251513613	0	0
0.205207801	0	0
0.848480540	1	1
0.774613094	1	1
0.651777753	1	1
0.552527142	1	1
0.505801428	1	1
0.075627937	0	1
0.132121751	0	1
0.096226995	0	1
0.688023792	1	1
0.108023548	0	0
0.290011898	0	0
0.102499837	0	0
0.312982059	0	0
0.085883361	0	0
0.103366368	0	0
0.101156356	0	0
0.179551121	0	0
0.310963140	0	0
0.182400612	0	0
0.078796787	0	0
0.118958637	0	1
0.097589248	0	0
0.249406173	0	0
0.097605893	0	0
0.061234933	0	0
0.431673330	0	0
0.074044164	0	0
0.077371426	0	0
0.072640023	0	0
0.128648216	0	0
0.255961127	0	0
0.456297943	0	1
0.093959338	0	1
0.584975005	1	1
0.209512056	0	0
0.361348501	0	1
0.150369812	0	0
0.252269242	0	0
0.990818569	1	1
0.230054330	0	0
0.912990711	1	1
0.582168418	1	0
0.097955520	0	0
0.100873477	0	0
0.945677600	1	1
0.967096755	1	1
0.155429181	0	1
0.908203575	1	1
0.971220872	1	1
0.985961098	1	1
0.120238686	0	0
0.936038379	1	1
0.219846286	0	0
0.258878438	0	0
0.137499661	0	0
0.088617816	0	1
0.211556398	0	0
0.199212745	0	0
0.959489899	1	1
0.127339170	0	1
0.270886700	0	0
0.363926543	0	0
0.092520304	0	0
0.493899147	0	0
0.724920024	1	1
0.703899589	1	1
0.132076008	0	0
0.803363740	1	1
0.148123389	0	0
0.242527889	0	0
0.102674898	0	0
0.249890456	0	0
0.102640936	0	0
0.787000127	1	0
0.237019361	0	0
0.107227104	0	0
0.294719258	0	0
0.096022116	0	0
0.507854240	1	1
0.068957816	0	0
0.997297547	1	1
0.801464814	1	1
0.169760222	0	1
0.250814478	0	1
0.390539225	0	1
0.161523521	0	0
0.056681568	0	0
0.122009766	0	0
0.676736572	1	0
0.860101058	1	1
0.056959139	0	0
0.131086501	0	0
0.140466117	0	0
0.275293558	0	0
0.210093005	0	0
0.313703956	0	0
0.361501786	0	1
0.148929408	0	0
0.133566060	0	0
0.392964420	0	0
0.384207390	0	1
0.103852408	0	0
0.059498652	0	0
0.090019118	0	0
0.117295373	0	0
0.068928416	0	0
0.144234229	0	0
0.986245281	1	1
0.686234836	1	0
0.174483311	0	0
0.099969297	0	0
0.392695153	0	1
0.361636676	0	0
0.225516261	0	0
0.480114257	0	0
0.284434710	0	0
0.075998318	0	1
0.373211099	0	0
0.806048772	1	1
0.805609636	1	1
0.150671634	0	0
0.083025609	0	0
0.704904066	1	0
0.722195475	1	1
0.367572774	0	0
0.205502815	0	0
0.285370167	0	1
0.109504375	0	0
0.416325878	0	0
0.554071189	1	0
0.129577058	0	0
0.126525421	0	0
0.118772717	0	0
0.117487795	0	0
0.169119955	0	0
0.084863466	0	0
0.177170615	0	1
0.264195717	0	1
0.632039194	1	1
0.391340487	0	0
0.839226225	1	0
0.060645780	0	0
0.072128622	0	0
0.233543461	0	0
0.303764072	0	1
0.624218440	1	0
0.195796782	0	0
0.911854687	1	1
0.155361600	0	0
0.250000186	0	1
0.171687725	0	0
0.108388370	0	0
0.764487192	1	1
0.210803696	0	0
0.227512871	0	1
0.143163159	0	0
0.257429135	0	1
0.878479215	1	1
0.119338728	0	1
0.092873181	0	1
0.303571245	0	0
0.067702997	0	0
0.147164362	0	0
0.079763094	0	0
0.119503757	0	0
0.655688865	1	0
0.150805716	0	0
0.114193375	0	0
0.993977828	1	1
0.329669931	0	1
0.097853543	0	0
0.639244079	1	1
0.274353996	0	0
0.181297664	0	0
0.658602676	1	1
0.181807640	0	0
0.534863843	1	0
0.101821850	0	0
0.134204535	0	0
0.142611510	0	0
0.154954545	0	0
0.096034645	0	0
0.114383760	0	0
0.340799435	0	1
0.186625002	0	0
0.421050681	0	0
0.153227389	0	0
0.085403267	0	0
0.863600399	1	1
0.079559242	0	0
0.417056279	0	0
0.813671362	1	0
0.082486035	0	0
0.113367070	0	0
0.855922943	1	1
0.112794364	0	0
0.242843121	0	1
0.463959366	0	1
0.970860604	1	1
0.166202239	0	0
0.117440787	0	0
0.085825792	0	0
0.553605717	1	1
0.685971080	1	0
0.136808660	0	0
0.075496849	0	1
0.194068472	0	0
0.718262728	1	0
0.948522910	1	1
0.788982339	1	1
0.081497283	0	0
0.072370127	0	0
0.179870105	0	0
0.929211100	1	1
0.155589171	0	0
0.544673447	1	1
0.143613200	0	0
0.149382305	0	1
0.918485621	1	1
0.078520248	0	0
0.583367609	1	1
0.374187039	0	0
0.068777833	0	0
0.188951144	0	1
0.218534374	0	0
0.360575151	0	0
0.352363763	0	1
0.191911297	0	0
0.263579445	0	0
0.991627099	1	1
0.076189274	0	0
0.646790771	1	1
0.990152894	1	1
0.103181089	0	0
0.187238952	0	0
0.085065899	0	1
0.561364848	1	1
0.247723464	0	1
0.585229627	1	0
0.982852824	1	1
0.992764217	1	1
0.524142840	1	0
0.322834946	0	0
0.172860149	0	0
0.188772745	0	1
0.175711522	0	0
0.425109171	0	1
0.608602459	1	1
0.997798013	1	1
0.093518993	0	0
0.774662415	1	1
0.190286088	0	0
0.710282790	1	1
0.887398671	1	0
0.130267712	0	0
0.106714842	0	0
0.194192215	0	1
0.048761513	0	0
0.728497515	1	0
0.198822944	0	0
0.270078977	0	0
0.997464672	1	0
0.072746422	0	0
0.086905085	0	0
0.194318510	0	0
0.147259737	0	0
0.205992820	0	1
0.096746697	0	0
0.076392448	0	0
0.147024625	0	0
0.497927249	0	1
0.262789491	0	0
0.356193783	0	0
0.174392629	0	0
0.087231662	0	0
0.456846598	0	0
0.130887098	0	0
0.413431673	0	0
0.268897463	0	0
0.197604704	0	0
0.995632992	1	1
0.103155499	0	0
0.211460346	0	1
0.350528677	0	0
0.113261819	0	0
0.888681796	1	0
0.129398941	0	0
0.401217959	0	0
0.087997303	0	0
0.204043373	0	1
0.201700493	0	1
0.184224458	0	0
0.151216466	0	0
0.052117870	0	0
0.999912931	1	1
0.067188782	0	0
0.780109567	1	0
0.126117875	0	0
0.999818778	1	1
0.384306515	0	0
0.409567588	0	1
0.359786118	0	1
0.054907066	0	0
0.067038739	0	0
0.417856451	0	0
0.111247786	0	0
0.788200008	1	1
0.101145375	0	1
0.992760491	1	1
0.156200368	0	0
0.871874299	1	1
0.400912698	0	0
0.140784734	0	0
0.091335723	0	0
0.085744278	0	1
0.558677227	1	1
0.269182788	0	0
0.061692912	0	0
0.722566604	1	1
0.996778584	1	1
0.102721679	0	0
0.167215978	0	0
0.754552657	1	1
0.074980977	0	0
0.307097343	0	1
0.692485487	1	1
0.130131378	0	0
0.105745407	0	1
0.133711652	0	1
0.330005908	0	0
0.107248278	0	0
0.643154373	1	1
0.057967540	0	0
0.088685982	0	0
0.894521491	1	0
0.332651273	0	1
0.053245961	0	0
0.988003605	1	1
0.051764796	0	0
0.107811122	0	0
0.773556084	1	1
0.684074302	1	1
0.061282649	0	0
0.615621689	1	1
0.064757812	0	0
0.595592395	1	1
0.477500948	0	1
0.245206656	0	0
0.057193991	0	0
0.189424517	0	0
0.084238219	0	0
0.192894438	0	1
0.086531436	0	1
0.830804002	1	0
0.109520522	0	0
0.758030839	1	1
0.103058747	0	1
0.063815331	0	0
0.082585789	0	0
0.425764554	0	1
0.275682398	0	0
0.518616725	1	1
0.749603789	1	1
0.918625038	1	1
0.055580717	0	0
0.943861548	1	1
0.089513057	0	0
0.138242729	0	0
0.406960893	0	1
0.385159224	0	0
0.242086442	0	0
0.105096492	0	0
0.225444734	0	0
0.125178931	0	0
0.290197629	0	0
0.076372012	0	0
0.175498225	0	0
0.629493268	1	1
0.991325667	1	1
0.605834477	1	1
0.713319341	1	0
0.308808958	0	0
0.144740113	0	1
0.221019303	0	0
0.104489430	0	0
0.618838692	1	0
0.759925311	1	1
0.259278067	0	0
0.073701956	0	0
0.066310172	0	0
0.185148507	0	0
0.109209923	0	0
0.763796662	1	1
0.155411362	0	0
0.774155316	1	1
0.287991536	0	0
0.168038821	0	0
0.434956939	0	0
0.091541983	0	0
0.180916588	0	0
0.303094504	0	0
0.428827111	0	1
0.062755044	0	0
0.878388467	1	1
0.999449060	1	1
0.158678883	0	0
0.168684549	0	0
0.202589469	0	0
0.463884376	0	0
0.270160935	0	1
0.068238163	0	0
0.196706852	0	0
0.614824218	1	0
0.135372395	0	0
0.174847450	0	0
0.307630698	0	0
0.999448046	1	1
0.070550165	0	0
0.051841710	0	0
0.725061151	1	1
0.160004331	0	1
0.086832464	0	0
0.153814631	0	0
0.397658629	0	0
0.988499793	1	1
0.748075521	1	1
0.083471908	0	0
0.105893921	0	0
0.375424366	0	1
0.156478259	0	0
0.864396178	1	1
0.087000302	0	0
0.181498180	0	0
0.219629584	0	0
0.582240028	1	0
0.193859131	0	1
0.845752860	1	1
0.665772075	1	1
0.435623869	0	1
0.518035289	1	0
0.152299957	0	1
0.069754212	0	0
0.357463680	0	1
0.132060982	0	1
0.969554994	1	1
0.343829160	0	1
0.097103280	0	0
0.136630229	0	0
0.126080016	0	1
0.333780893	0	0
0.739474723	1	1
0.169669033	0	0
0.925826620	1	1
0.297552215	0	1
0.189562405	0	0
0.069929029	0	0
0.073762512	0	0
0.152609892	0	0
0.091803307	0	0
0.698890507	1	0
0.238095090	0	1
0.639815635	1	0
0.848431817	1	0
0.408783781	0	1
0.367076563	0	0
0.826813676	1	1
0.702443275	1	1
0.706307102	1	0
0.108626767	0	0
0.632958630	1	0
0.279622983	0	0
0.229028410	0	0
0.312140117	0	0
0.289951645	0	0
0.873989232	1	0
0.130961523	0	0
0.082183992	0	0
0.684802595	1	0
0.933582943	1	1
0.059543137	0	0
0.068696718	0	0
0.184394362	0	1
0.088915089	0	0
0.131362353	0	0
0.088691904	0	0
0.094861910	0	0
0.170783246	0	0
0.953142919	1	1
0.128328356	0	0
0.356330174	0	1
0.714972148	1	1
0.691639676	1	0
0.746714687	1	1
0.128640283	0	1
0.334645784	0	0
0.500487674	1	0
0.420988424	0	0
0.554797535	1	0
0.861962543	1	1
0.172028791	0	1
0.742130673	1	1
0.141886230	0	0
0.547163251	1	0
0.114293103	0	1
0.052658676	0	0
0.516108649	1	1
0.075292734	0	0
0.169931869	0	0
0.674083822	1	1
0.167688840	0	0
0.382566965	0	0
0.169583860	0	0
0.384293700	0	0
0.944269861	1	1
0.176961040	0	0
0.111018835	0	0
0.984636174	1	1
0.105393812	0	0
0.086698256	0	0
0.995024373	1	1
0.999815848	1	1
0.119555590	0	0
0.947098223	1	1
0.130719298	0	0
0.145277913	0	0
0.722998812	1	1
0.985649532	1	1
0.806522527	1	1
0.571075128	1	1
0.739768035	1	1
0.136809424	0	0
0.818543010	1	0
0.851455178	1	1
0.244421351	0	0
0.399321226	0	0
0.246369552	0	1
0.111084380	0	0
0.908056091	1	1
0.586581113	1	1
0.211176393	0	0
0.998280612	1	1
0.537689789	1	1
0.369392459	0	0
0.184294971	0	0
0.613204248	1	0
0.097138923	0	0
0.175314102	0	0
0.342945598	0	0
0.153361748	0	1
0.230712975	0	0
0.409047987	0	0
0.150308911	0	0
0.481388109	0	0
0.560273096	1	0
0.059719825	0	0
0.486238484	0	1
0.115674550	0	0
0.134992611	0	0
0.080495097	0	0
0.374761192	0	1
0.758302785	1	1
0.979297080	1	1
0.087697065	0	0
0.087759354	0	0
0.320641614	0	0
0.140441123	0	0
0.210492595	0	0
0.740792083	1	1
0.554988218	1	1
0.999626106	1	1
0.301158135	0	0
0.586040774	1	1
0.106340034	0	0
0.069160921	0	0
0.148237369	0	0
0.679035374	1	1
0.048603283	0	0
0.952451844	1	1
0.826155211	1	1
0.103816439	0	0
0.815694112	1	0
0.072712681	0	0
0.339344753	0	0
0.255382596	0	0
0.421987151	0	1
0.070135505	0	0
0.660048813	1	1
0.882880251	1	1
0.536388085	1	0
0.107086513	0	0
0.499216968	0	0
0.465556563	0	1
0.090699611	0	0
0.122103030	0	0
0.170101688	0	0
0.378216397	0	1
0.110212089	0	0
0.068369569	0	0
0.145121316	0	0
0.179553960	0	0
0.374337510	0	1
0.246085524	0	1
0.136993785	0	0
0.143711165	0	0
0.090053080	0	0
0.066785473	0	0
0.193567695	0	0
0.142021712	0	0
0.146021276	0	0
0.992055061	1	1
0.143434840	0	0
0.588942214	1	1
0.108125735	0	0
0.115532841	0	0
0.456666996	0	0
0.158868360	0	0
0.724875438	1	0
0.884268619	1	1
0.918810834	1	1
0.683440641	1	1
0.689960213	1	1
0.148901183	0	0
0.086659672	0	0
0.139240799	0	1
0.067728469	0	0
0.202012076	0	0
0.175164626	0	0
0.953066968	1	1
0.281696412	0	1
0.119040593	0	0
0.856582051	1	0
0.274715672	0	0
0.287024340	0	0
0.299168553	0	0
0.898333954	1	1
0.200108885	0	0
0.526938992	1	1
0.214699607	0	0
0.211744267	0	1
0.698348337	1	1
0.572403823	1	0
0.101195160	0	0
0.287301320	0	0
0.263043113	0	0
0.386707784	0	1
0.184028613	0	0
0.999894508	1	1
0.162588595	0	1
0.200465377	0	0
0.295947349	0	1
0.713623771	1	0
0.641504042	1	0
0.096926685	0	0
0.101865396	0	0
0.466141558	0	1
0.236594183	0	0
0.250389898	0	0
0.069478549	0	0
0.189461016	0	0
0.080832631	0	0
0.997006869	1	1
0.066210563	0	0
0.229975950	0	0
0.079725802	0	0
0.362496364	0	1
0.817314970	1	1
0.999107491	1	1
0.782515120	1	1
0.997840967	1	1
0.083602812	0	0
0.130675693	0	0
0.563238369	1	0
0.995455631	1	1
0.765267364	1	0
0.230712238	0	0
0.373187590	0	0
0.222852059	0	1
0.086545598	0	0
0.799556152	1	1
0.859106741	1	0
0.828315582	1	1
0.309671858	0	1
0.123418853	0	0
0.940116359	1	0
0.085433363	0	0
0.074254229	0	0
0.142200320	0	0
0.886825244	1	1
0.159042610	0	0
0.790251703	1	0
0.330882968	0	1
0.995809746	1	1
0.998870635	1	1
0.090084729	0	0
0.943945124	1	1
0.081741940	0	0
0.858558597	1	0
0.129889076	0	0
0.987177791	1	1
0.357601833	0	0
0.103430115	0	0
0.087312694	0	0
0.063789367	0	0
0.492606172	0	0
0.196767949	0	1
0.168039769	0	0
0.158330882	0	0
0.263690675	0	0
0.326090998	0	1
0.135768480	0	0
0.853759529	1	1
0.136089550	0	0
0.992205375	1	1
0.173036665	0	1
0.141810423	0	0
0.086029047	0	0
0.103653269	0	0
0.112863813	0	0
0.668901012	1	0
0.318601314	0	0
0.779738669	1	0
0.281815890	0	0
0.078911765	0	0
0.202410846	0	1
0.100756612	0	0
0.061692505	0	1
0.636630744	1	0
0.161483434	0	0
0.073731077	0	0
0.290295632	0	1
0.108548544	0	0
0.111302814	0	0
0.135809180	0	0
0.903919965	1	1
0.136587114	0	0
0.472636887	0	1
0.123396025	0	0
0.992578444	1	1
0.089216497	0	0
0.288825459	0	1
0.436236344	0	0
0.767620175	1	1
0.450066050	0	0
0.820835618	1	1
0.134786534	0	0
0.959622912	1	1
0.124811242	0	0
0.807322818	1	1
0.109570685	0	0
0.265895324	0	0
0.545455176	1	1
0.408725264	0	0
0.446594316	0	0
0.106264457	0	0
0.121646960	0	0
0.171814554	0	0
0.761816148	1	1
0.798928971	1	1
0.078039015	0	0
0.434928993	0	1
0.098469316	0	1
0.065222067	0	0
0.067243973	0	0
0.055062204	0	0
0.095099820	0	0
0.185753375	0	1
0.078242967	0	0
0.309418664	0	0
0.128962413	0	1
0.471932370	0	1
0.899724692	1	1
0.547756765	1	0
0.992073789	1	1
0.107956887	0	0
0.747545866	1	1
0.227761395	0	0
0.124224475	0	0
0.242948601	0	0
0.239320160	0	0
0.113729133	0	0
0.531017905	1	1
0.935588502	1	1
0.066709522	0	0
0.568391939	1	0
0.167678132	0	0
0.115898567	0	0
0.344884760	0	1
0.828964494	1	1
0.176024655	0	1
0.117455388	0	0
0.148005348	0	1
0.369354810	0	0
0.135313536	0	0
0.782681980	1	1
0.424262987	0	0
0.730135557	1	1
0.111401776	0	0
0.924182244	1	1
0.109353998	0	1
0.320635048	0	1
0.451439116	0	1
0.241882281	0	1
0.136546426	0	0
0.094720376	0	0
0.153469905	0	0
0.117532527	0	0
0.830106178	1	1
0.078696263	0	0
0.121191821	0	0
0.117618027	0	0
0.625648912	1	0
0.208921272	0	1
0.827102365	1	1
0.086709884	0	0
0.414254770	0	1
0.115941905	0	0
0.649189302	1	1
0.949782163	1	1
0.121210490	0	0
0.181471102	0	1
0.155746652	0	0
0.999216142	1	1
0.394370610	0	1
0.222603976	0	1
0.110071290	0	0
0.772473478	1	0
0.100783159	0	0
0.140014626	0	0
0.420959591	0	0
0.100567357	0	0
0.389900487	0	0
0.701724661	1	1
0.647063942	1	1
0.186598744	0	0
0.559378183	1	0
0.164105351	0	0
0.221320370	0	0
0.140728891	0	0
0.820443571	1	1
0.146745222	0	0
0.120200329	0	0
0.179640807	0	0
0.327195478	0	1
0.454470609	0	1
0.107423716	0	0
0.558995675	1	0
0.167573592	0	0
0.133786269	0	0
0.228622886	0	0
0.061849630	0	0
0.868614824	1	1
0.778788014	1	1
0.253382984	0	0
0.137395519	0	0
0.143614335	0	1
0.471098425	0	1
0.798205036	1	1
0.148925306	0	0
0.722567121	1	1
0.084734547	0	0
0.089411729	0	0
0.147922606	0	0
0.460159600	0	0
0.628018093	1	1
0.082256001	0	0
0.143525603	0	0
0.176011212	0	0
0.238050286	0	0
0.113746169	0	1
0.364779967	0	0
0.156829856	0	0
0.153370907	0	0
0.991270832	1	1
0.094797978	0	0
0.097129064	0	0
0.064001112	0	0
0.107795734	0	0
0.121413930	0	0
0.248152590	0	0
0.613873704	1	0
0.253425627	0	0
0.801361762	1	0
0.129478220	0	1
0.174002463	0	0
0.386339120	0	0
0.050028642	0	0
0.691302338	1	0
0.903097249	1	1
0.891682249	1	1
0.916189702	1	1
0.075421284	0	0
0.101650164	0	0
0.241831986	0	0
0.673526369	1	0
0.234814041	0	0
0.517140610	1	0
0.751511614	1	1
0.200637646	0	0
0.176991305	0	0
0.058759958	0	0
0.126975717	0	0
0.147693411	0	1
0.334860511	0	1
0.488662577	0	0
0.848579759	1	1
0.988761605	1	1
0.111361931	0	1
0.159769551	0	0
0.353257224	0	0
0.108434573	0	0
0.156884225	0	0
0.086980785	0	0
0.175947077	0	0
0.117411617	0	0
0.724512237	1	1
0.154372018	0	0
0.187966858	0	0
0.919315707	1	1
0.353667718	0	0
0.311018828	0	0
0.997263336	1	1
0.489336795	0	1
0.844352608	1	1
0.175998540	0	0
0.986928875	1	1
0.915386323	1	1
0.755078697	1	0
0.117866673	0	1
0.385835440	0	1
0.185954893	0	0
0.073407829	0	0
0.652900365	1	0
0.154425550	0	0
0.144233356	0	0
0.177335347	0	0
0.800042287	1	1
0.170178188	0	0
0.981400419	1	1
0.071380565	0	0
0.315383653	0	0
0.742771829	1	1
0.227523752	0	0
0.853461536	1	0
0.660391232	1	1
0.100623401	0	0
0.272132430	0	1
0.121752190	0	0
0.064055526	0	0
0.887261416	1	1
0.669030151	1	1
0.086168246	0	0
0.579834036	1	0
0.124327322	0	0
0.759379036	1	1
0.211292210	0	0
0.090187042	0	0
0.052474506	0	1
0.999775267	1	1
0.154807645	0	0
0.106477617	0	0
0.189396416	0	0
0.167567337	0	1
0.999967182	1	1
0.302481081	0	0
0.116284484	0	0
0.082091555	0	0
0.234035765	0	1
0.054423617	0	1
0.842118903	1	1
0.252836899	0	0
0.309249081	0	0
0.057827408	0	0
0.989622616	1	1
0.792116827	1	0
0.155920560	0	0
0.085070099	0	0
0.354326828	0	0
0.245779122	0	0
0.134745891	0	1
0.109252275	0	0
0.158192433	0	0
0.161379025	0	0
0.941150756	1	1
0.090977029	0	0
0.609110386	1	0
0.995379184	1	1
0.098708671	0	0
0.640638022	1	0
0.060145206	0	0
0.637981987	1	1
0.259038634	0	0
0.844140760	1	1
0.265872684	0	1
0.094354228	0	0
0.168606802	0	0
0.358892120	0	1
0.161812901	0	0
0.144510073	0	0
0.076766988	0	1
0.608070988	1	1
0.114254984	0	0
0.246705308	0	0
0.295513864	0	1
0.100148137	0	0
0.127432633	0	0
0.110129366	0	0
0.122242673	0	0
0.109886019	0	1
0.453313980	0	0
0.714326747	1	0
0.082492783	0	0
0.045494540	0	0
0.216694695	0	0
0.905662319	1	1
0.257268600	0	0
0.113086632	0	0
0.187695443	0	1
0.983708985	1	1
0.361563551	0	1
0.403909523	0	0
0.120307961	0	0
0.165108937	0	0
0.190019510	0	1
0.293380312	0	1
0.065124790	0	0
0.287922459	0	0
0.428906109	0	0
0.096282398	0	0
0.991418246	1	1
0.643388830	1	1
0.304784715	0	0
0.130996442	0	0
0.767899253	1	1
0.790233655	1	1
0.423218695	0	0
0.164430888	0	0
0.450689003	0	1
0.084851567	0	0
0.663368876	1	1
0.219615344	0	0
0.849843979	1	1
0.247044242	0	1
0.992986184	1	1
0.120719376	0	0
0.135725527	0	0
0.108050289	0	0
0.323935221	0	0
0.335751644	0	0
0.080370688	0	0
0.083496232	0	0
0.063581499	0	0
0.201083716	0	0
0.236177533	0	0
0.119819267	0	0
0.094675550	0	1
0.067752416	0	0
0.215526273	0	1
0.196956582	0	1
0.156772891	0	0
0.650782091	1	1
0.193308006	0	0
0.737912766	1	1
0.153077694	0	0
0.098135504	0	0
0.547943159	1	1
0.894240873	1	0
0.920670597	1	1
0.707063957	1	1
0.084441078	0	0
0.834203081	1	1
0.987639543	1	1
0.231272147	0	1
0.125182569	0	0
0.221721455	0	1
0.738480902	1	1
0.062418693	0	0
0.142457398	0	0
0.213759013	0	0
0.081934492	0	1
0.055638275	0	1
0.141712350	0	0
0.223823112	0	0
0.989721075	1	1
0.246114588	0	0
0.087318785	0	0
0.977511806	1	1
0.102833836	0	0
0.197908164	0	0
0.532176753	1	0
0.529259658	1	1
0.379350144	0	0
0.862437912	1	1
0.063353201	0	0
0.726909007	1	1
0.915363546	1	1
0.462613307	0	0
0.926210190	1	1
0.152171672	0	0
0.986270037	1	1
0.209105118	0	0
0.087942111	0	0
0.079817275	0	0
0.296449335	0	0
0.441766812	0	0
0.097175713	0	0
0.182885190	0	1
0.131194924	0	0
0.834213672	1	1
0.842464925	1	0
0.160742694	0	1
0.253571026	0	0
0.773853459	1	1
0.232025017	0	0
0.237044890	0	0
0.197374436	0	1
0.831200302	1	1
0.120973584	0	0
0.414463173	0	1
0.684701633	1	1
0.127707120	0	0
0.101770287	0	0
0.060290247	0	0
0.132597414	0	0
0.263982202	0	0
0.453689890	0	0
0.141022951	0	0
0.615588363	1	1
0.111857530	0	0
0.235564969	0	0
0.151020595	0	0
0.137270899	0	0
0.232975731	0	1
0.055172250	0	0
0.280681301	0	0
0.665347337	1	0
0.204606832	0	1
0.452766961	0	1
0.951086247	1	1
0.528701813	1	1
0.151839388	0	0
0.186184956	0	0
0.202596899	0	0
0.116429427	0	0
0.345673406	0	0
0.267911726	0	1
0.057303716	0	0
0.475648960	0	0
0.279034444	0	0
0.227463810	0	0
0.191928948	0	1
0.147846788	0	0
0.228874954	0	1
0.120483066	0	0
0.074808904	0	0
0.056757730	0	1
0.338758160	0	1
0.580999772	1	0
0.125252959	0	0
0.368513369	0	1
0.102010602	0	0
0.135536860	0	0
0.058029660	0	0
0.166479428	0	0
0.140684242	0	0
0.740175988	1	0
0.404146955	0	1
0.555950556	1	1
0.224516877	0	0
0.254941539	0	0
0.066033333	0	0
0.316286391	0	1
0.995157356	1	1
0.131232993	0	0
0.555715595	1	0
0.077124699	0	0
0.890977676	1	1
0.230636925	0	0
0.930633556	1	0
0.151923903	0	0
0.286836624	0	0
0.796435300	1	0
0.104098224	0	0
0.994800021	1	1
0.169655893	0	0
0.767070088	1	1
0.963709372	1	1
0.190346467	0	1
0.154132409	0	1
0.438952431	0	0
0.222085445	0	0
0.436838753	0	1
0.218435663	0	0
0.921731359	1	1
0.859388744	1	0
0.177517595	0	0
0.278283102	0	0
0.104086499	0	0
0.117979389	0	0
0.545944282	1	1
0.800777106	1	0
0.161107581	0	0
0.541493063	1	1
0.280392841	0	0
0.341425287	0	0
0.173436511	0	0
0.803052107	1	1
0.200751543	0	0
0.117568650	0	0
0.071451536	0	0
0.493529485	0	1
0.460903881	0	0
0.117525972	0	0
0.361942185	0	1
0.089767817	0	0
0.103428540	0	0
0.180234250	0	0
0.392114282	0	1
0.106895338	0	1
0.073960361	0	0
0.086962311	0	0
0.122170688	0	0
0.052523921	0	0
0.128839277	0	0
0.785839321	1	0
0.709565979	1	1
0.772495684	1	1
0.130933985	0	0
0.121588016	0	1
0.244576448	0	1
0.406685042	0	1
0.200816728	0	0
0.994762289	1	1
0.758985081	1	1
0.812718169	1	1
0.066232576	0	0
0.141239486	0	1
0.398963998	0	1
0.165362212	0	1
0.086787755	0	0
0.189657672	0	0
0.207876522	0	0
0.244838317	0	0
0.747352736	1	1
0.162778039	0	0
0.153890974	0	0
0.136147059	0	0
0.444440807	0	1
0.663352503	1	1
0.285482853	0	0
0.076322209	0	0
0.981368382	1	1
0.528523086	1	0
0.837954816	1	1
0.154423761	0	0
0.195770460	0	0
0.090476730	0	1
0.959366453	1	1
0.858404887	1	0
0.172922357	0	0
0.855257230	1	1
0.333547068	0	0
0.299049241	0	0
0.955386808	1	1
0.357189067	0	0
0.194349587	0	0
0.256146967	0	0
0.120857819	0	1
0.086974255	0	1
0.685489592	1	1
0.457717952	0	0
0.742431638	1	1
0.071808880	0	0
0.108770643	0	0
0.083154232	0	0
0.228200774	0	0
0.075922706	0	0
0.478649983	0	0
0.892570284	1	0
0.108525649	0	0
0.181903070	0	0
0.076817610	0	0
0.694233524	1	0
0.097605167	0	1
0.763139322	1	1
0.089527840	0	0
0.146458341	0	0
0.263526349	0	0
0.057225534	0	0
0.439128640	0	1
0.168600725	0	0
0.592598443	1	1
0.757671984	1	1
0.326288782	0	1
0.094567061	0	0
0.069670822	0	0
0.217356040	0	0
0.502714669	1	1
0.088461198	0	0
0.210204675	0	0
0.145659025	0	0
0.664777917	1	1
0.805967100	1	0
0.566261384	1	0
0.110904424	0	0
0.712019957	1	0
0.095685643	0	1
0.607431515	1	1
0.714901971	1	1
0.571941950	1	1
0.206259903	0	0
0.666464842	1	1
0.057740413	0	0
0.076846108	0	0
0.473276868	0	1
0.103413939	0	0
0.231718183	0	0
0.863823845	1	1
0.096393712	0	0
0.224432477	0	0
0.699788872	1	0
0.189830930	0	0
0.810407436	1	1
0.344566974	0	1
0.984659737	1	1
0.190147338	0	0
0.850528085	1	1
0.485777165	0	0
0.384207311	0	0
0.332627824	0	1
0.184046073	0	0
0.850598189	1	1
0.247151933	0	0
0.369340096	0	1
0.581952140	1	1
0.745094358	1	1
0.999979310	1	1
0.306392554	0	0
0.070077658	0	0
0.272058254	0	0
0.123532336	0	0
0.869671565	1	1
0.068203107	0	0
0.258393267	0	0
0.541335305	1	0
0.998862280	1	1
0.270551733	0	1
0.095221891	0	0
0.171026538	0	0
0.315620253	0	0
0.936879822	1	1
0.187878068	0	0
0.247908306	0	1
0.154257361	0	0
0.319136460	0	0
0.949047561	1	1
0.099544364	0	0
0.887827168	1	1
0.307539701	0	0
0.809865462	1	1
0.284736974	0	0
0.848034244	1	1
0.620301117	1	0
0.920838224	1	1
0.053836747	0	0
0.946874958	1	1
0.177745911	0	1
0.143904954	0	0
0.088083306	0	0
0.249373444	0	1
0.158943963	0	0
0.146661087	0	0
0.107846582	0	0
0.172194842	0	0
0.719755944	1	1
0.238566297	0	0
0.684149741	1	1
0.947442735	1	1
0.620869306	1	1
0.596082618	1	0
0.829397631	1	0
0.623571706	1	1
0.109448478	0	0
0.662050087	1	0
0.094395547	0	0
0.990826310	1	1
0.243679586	0	0
0.172977852	0	0
0.091760449	0	0
0.349723581	0	0
0.360839928	0	0
0.374792949	0	1
0.090878000	0	0
0.134576728	0	0
0.056609454	0	0
0.214392861	0	1
0.088468889	0	0
0.835910494	1	1
0.069789590	0	0
0.718991590	1	0
0.192616648	0	0
0.128602960	0	0
0.994284480	1	1
0.116311523	0	0
0.075452063	0	0
0.088012007	0	0
0.137865876	0	0
0.121901018	0	0
0.073899242	0	0
0.716432644	1	1
0.103387590	0	0
0.315352177	0	0
0.297471612	0	0
0.248442701	0	0
0.385327900	0	0
0.139737570	0	0
0.119429644	0	1
0.498828934	0	0
0.663016733	1	0
0.076004322	0	0
0.998544374	1	1
0.273118316	0	0
0.093722298	0	0
0.044866293	0	0
0.189145043	0	0
0.276924129	0	0
0.105271535	0	0
0.296906677	0	0
0.153288144	0	0
0.995649391	1	1
0.954276280	1	1
0.145357624	0	0
0.076310408	0	0
0.120958138	0	0
0.953958467	1	1
0.121522992	0	1
0.997304011	1	1
0.822277178	1	1
0.243659838	0	0
0.845414741	1	0
0.158480802	0	1
0.193525699	0	0
0.369163747	0	0
0.090849603	0	0
0.114636666	0	0
0.170738193	0	0
0.724264925	1	0
0.210734062	0	0
0.942608985	1	1
0.406240717	0	0
0.938275512	1	1
0.155323659	0	0
0.824907451	1	1
0.989392068	1	1
0.271607306	0	1
0.715187016	1	0
0.158707012	0	0
0.374039134	0	1
0.968646271	1	1
0.415383250	0	1
0.565969644	1	1
0.167941125	0	1
0.222027758	0	0
0.217016880	0	0
0.085076304	0	0
0.059020236	0	0
0.484907025	0	0
0.381936193	0	0
0.068907856	0	0
0.665269055	1	0
0.122364129	0	0
0.811863102	1	1
0.209940064	0	0
0.079530458	0	0
0.042808223	0	0
0.733714410	1	1
0.192228573	0	0
0.126747546	0	0
0.383913861	0	0
0.123619427	0	0
0.999459416	1	1
0.109616442	0	0
0.077738712	0	0
0.132188357	0	0
0.058311616	0	0
0.109763072	0	0
0.260735080	0	0
0.147867883	0	0
0.076253644	0	1
0.615472494	1	1
0.245930496	0	0
0.071711085	0	0
0.547129990	1	0
0.105716343	0	0
0.170078016	0	0
0.334906221	0	0
0.118514245	0	0
0.109604878	0	0
0.451352247	0	1
0.549324556	1	0
0.105243144	0	0
0.119710574	0	0
0.462130273	0	1
0.115623976	0	0
0.553704064	1	1
0.137506083	0	0
0.127056923	0	0
0.560296142	1	0
0.149998612	0	0
0.131670766	0	0
0.532780113	1	1
0.321011675	0	1
0.116348852	0	0
0.098642090	0	0
0.270564160	0	0
0.648845903	1	0
0.132420498	0	0
0.559848445	1	0
0.998909452	1	1
0.197772427	0	1
0.124735352	0	0
0.253138356	0	1
0.372093863	0	0
0.145889245	0	0
0.134874230	0	0
0.451933757	0	0
0.086459197	0	0
0.087299603	0	0
0.156657922	0	0
0.853508541	1	0
0.448929997	0	0
0.128883053	0	0
0.164196124	0	0
0.336525999	0	1
0.632317099	1	0
0.243465338	0	0
0.055781307	0	0
0.157422677	0	0
0.058374370	0	0
0.196383022	0	0
0.276261800	0	0
0.593000913	1	0
0.234992420	0	0
0.084357906	0	0
0.575617650	1	1
0.153961527	0	0
0.389897535	0	1
0.080177543	0	0
0.949402704	1	1
0.523062663	1	1
0.476037603	0	0
0.155535122	0	0
0.472368168	0	1
0.421406705	0	1
0.667499220	1	1
0.056105612	0	0
0.750604309	1	1
0.207185512	0	1
0.847544385	1	1
0.113378300	0	0
0.988699529	1	1
0.908356664	1	1
0.890551507	1	1
0.103288953	0	0
0.162245357	0	0
0.175533531	0	0
0.679036867	1	1
0.752820415	1	0
0.903909540	1	1
0.946608118	1	1
0.113707869	0	0
0.856638925	1	0
0.208088801	0	1
0.258296111	0	1
0.646081150	1	1
0.307756874	0	0
0.725834930	1	1
0.368463533	0	0
0.173572967	0	0
0.331713610	0	1
0.699663377	1	1
0.055447186	0	0
0.189148225	0	0
0.075840993	0	0
0.394167212	0	0
0.380075532	0	1
0.268969132	0	1
0.340440713	0	1
0.393366065	0	0
0.322097870	0	1
0.140566777	0	1
0.323263336	0	0
0.057223799	0	0
0.200718213	0	0
0.954842446	1	1
0.303775651	0	0
0.139371546	0	0
0.704848840	1	0
0.102903503	0	0
0.756398269	1	1
0.357562706	0	0
0.447095127	0	0
0.085727455	0	0
0.547028801	1	0
0.469263036	0	0
0.536655622	1	1
0.092707136	0	0
0.788576908	1	0
0.830166476	1	1
0.187695934	0	0
0.341732338	0	1
0.311009450	0	0
0.892907613	1	1
0.594255554	1	0
0.731464121	1	1
0.385539695	0	0
0.850226850	1	1
0.461526002	0	1
0.063986516	0	0
0.496091556	0	1
0.116750089	0	0
0.133681641	0	0
0.083861405	0	0
0.153417801	0	0
0.175442669	0	1
0.107587262	0	0
0.210374572	0	0
0.252470140	0	1
0.067416387	0	0
0.172538106	0	0
0.143242604	0	0
0.181614912	0	0
0.996831904	1	1
0.204761311	0	0
0.152595398	0	0
0.129213762	0	0
0.339938703	0	0
0.282905510	0	0
0.471939371	0	1
0.193371739	0	0
0.127885364	0	0
0.998531042	1	1
0.074349912	0	0
0.346630535	0	1
0.985586091	1	1
0.104070457	0	0
0.128356921	0	0
0.351783544	0	1
0.090010884	0	0
0.101571510	0	0
0.322981245	0	1
0.102475981	0	0
0.243970175	0	0
0.162992172	0	0
0.159673637	0	0
0.979543639	1	1
0.688832714	1	0
0.860942705	1	1
0.176633321	0	0
0.372571838	0	0
0.437110786	0	0
0.222956291	0	0
0.099159566	0	1
0.093614533	0	0
0.181679366	0	0
0.489120828	0	1
0.202015183	0	0
0.947629015	1	1
0.336572865	0	1
0.659431197	1	0
0.860823372	1	1
0.534741997	1	0
0.084968415	0	0
0.104859101	0	0
0.463480546	0	0
0.083422314	0	0
0.122066021	0	0
0.987090792	1	1
0.949295466	1	1
0.214129689	0	0
0.188190079	0	0
0.192742212	0	0
0.781197737	1	1
0.128427703	0	0
0.554032052	1	0
0.195524035	0	1
0.118448969	0	0
0.817634912	1	0
0.108596899	0	0
0.115881998	0	0
0.203698549	0	0
0.226375204	0	0
0.167717524	0	0
0.758394155	1	1
0.167674742	0	0
0.083524558	0	0
0.104327416	0	0
0.771058008	1	0
0.059776187	0	0
0.167785279	0	0
0.067016279	0	0
0.464495616	0	1
0.878010039	1	1
0.227406225	0	1
0.999548206	1	1
0.227491822	0	1
0.847666812	1	0
0.166533728	0	0
0.217950675	0	0
0.821933610	1	1
0.110607379	0	0
0.939646247	1	1
0.886432764	1	1
0.883225453	1	1
0.338216098	0	0
0.796393820	1	0
0.849319367	1	1
0.158031194	0	0
0.335640676	0	1
0.212094334	0	1
0.897978185	1	1
0.199994791	0	0
0.124161389	0	0
0.560072484	1	0
0.961414149	1	1
0.067591496	0	0
0.997965606	1	1
0.072505348	0	0
0.205004741	0	1
0.376997561	0	0
0.980540218	1	1
0.217103746	0	0
0.166095530	0	0
0.172728996	0	0
0.140281809	0	0
0.116530588	0	0
0.060539213	0	0
0.999146249	1	1
0.155961809	0	0
0.107839633	0	0
0.823368906	1	0
0.089015579	0	0
0.116422153	0	0
0.806529222	1	1
0.131787526	0	0
0.121721204	0	0
0.287753934	0	1
0.089995097	0	0
0.225546092	0	1
0.443192988	0	1
0.114382552	0	0
0.641167074	1	0
0.569433507	1	1
0.064452499	0	0
0.276060215	0	1
0.722197349	1	1
0.994791094	1	1
0.107689047	0	0
0.374282935	0	1
0.207637180	0	0
0.850832451	1	1
0.934100041	1	1
0.716648641	1	0
0.186270180	0	0
0.072715936	0	0
0.549399328	1	0
0.999846965	1	1
0.121460657	0	0
0.129114152	0	0
0.168296811	0	0
0.085699633	0	0
0.155076137	0	0
0.092126232	0	0
0.914633500	1	1
0.945322932	1	0
0.541550055	1	0
0.067349548	0	0
0.105537631	0	1
0.434681912	0	0
0.862655692	1	0
0.103225833	0	0
0.168168762	0	0
0.082876550	0	0
0.403034498	0	0
0.346821973	0	1
0.164030773	0	1
0.811029783	1	0
0.390302612	0	1
0.087285201	0	0
0.123783715	0	0
0.154345361	0	1
0.080865393	0	0
0.870140734	1	0
0.121534865	0	0
0.237401950	0	0
0.162336365	0	0
0.287686311	0	0
0.131295950	0	0
0.855258040	1	1
0.211436574	0	0
0.162876426	0	0
0.444028478	0	1
0.387591010	0	0
0.059206093	0	0
0.490793355	0	1
0.989006779	1	1
0.113391039	0	0
0.452540284	0	0
0.152652804	0	0
0.116990441	0	0
0.215393211	0	0
0.144023888	0	0
0.195774432	0	0
0.847581058	1	1
0.102924123	0	0
0.107161728	0	0
0.696228917	1	0
0.211490448	0	0
0.103834821	0	0
0.246839631	0	0
0.197321599	0	0
0.125698841	0	0
0.052390683	0	0
0.972654510	1	1
0.678465647	1	1
0.713578955	1	1
0.182917735	0	0
0.176570583	0	0
0.362254629	0	0
0.050246295	0	0
0.075045369	0	0
0.235178276	0	0
0.076519155	0	1
0.129606651	0	0
0.517250000	1	1
0.340385400	0	1
0.218026787	0	0
0.245158850	0	0
0.155569719	0	0
0.477708163	0	1
0.375715525	0	1
0.594240755	1	1
0.338119362	0	1
0.866914982	1	1
0.613278999	1	1
0.118555827	0	0
0.677019064	1	1
0.101198190	0	0
0.262459996	0	0
0.501567860	1	1
0.228636420	0	0
0.084862187	0	0
0.132922084	0	0
0.214719890	0	0
0.277435572	0	0
0.581265962	1	0
0.991265276	1	1
0.116446476	0	1
0.494423045	0	1
0.156526708	0	1
0.573743995	1	1
0.074749824	0	0
0.073557070	0	0
0.084994694	0	0
0.639700895	1	0
0.095399692	0	0
0.484410540	0	0
0.624617556	1	1
0.183905355	0	0
0.888865161	1	0
0.912757104	1	1
0.156067228	0	0
0.867837648	1	1
0.670851814	1	1
0.374397331	0	1
0.254079387	0	0
0.055501007	0	0
0.211765514	0	0
0.155731400	0	0
0.039920277	0	0
0.097731777	0	0
0.117449508	0	0
0.479746777	0	1
0.173871819	0	0
0.174291771	0	1
0.493787470	0	1
0.890944909	1	1
0.085872704	0	0
0.258386876	0	0
0.999521759	1	1
0.079195405	0	0
0.081903235	0	1
0.143609662	0	0
0.999812816	1	1
0.594706950	1	1
0.481247961	0	1
0.269169788	0	0
0.234801779	0	0
0.167262428	0	0
0.411991136	0	1
0.998807661	1	1
0.436694539	0	0
0.095584535	0	0
0.111631838	0	0
0.093607137	0	0
0.337214203	0	0
0.250475342	0	0
0.421561272	0	0
0.690704750	1	0
0.337952680	0	1
0.795290707	1	1
0.222474475	0	1
0.115513303	0	0
0.180400484	0	0
0.148931633	0	0
0.255887702	0	1
0.082090002	0	0
0.080318844	0	0
0.118916045	0	1
0.256565821	0	1
0.993113114	1	1
0.268855368	0	1
0.158513517	0	0
0.067031338	0	0
0.201006978	0	1
0.414926708	0	0
0.998471783	1	1
0.091266730	0	0
0.154162543	0	0
0.107661205	0	0
0.101533898	0	0
0.122124172	0	0
0.092173963	0	0
0.446175130	0	0
0.952146493	1	1
0.088271209	0	0
0.505316638	1	0
0.960170017	1	1
0.169586212	0	0
0.999247090	1	1
0.366484694	0	0
0.688172476	1	1
0.985578625	1	1
0.910872429	1	1
0.310619835	0	1
0.841276495	1	1
0.907548575	1	1
0.203204829	0	0
0.700810507	1	1
0.197398689	0	0
0.194811113	0	0
0.355068672	0	1
0.191314998	0	1
0.113607745	0	0
0.130102581	0	0
0.726090744	1	1
0.263925022	0	0
0.076261224	0	0
0.733309249	1	0
0.677557645	1	0
0.103127135	0	0
0.258238347	0	0
0.708196770	1	1
0.711459056	1	0
0.096891817	0	0
0.247759313	0	0
0.097006728	0	0
0.273327979	0	1
0.263762109	0	1
0.098006867	0	0
0.643064274	1	1
0.821599668	1	0
0.087679833	0	0
0.056083765	0	0
0.775609414	1	1
0.093972466	0	1
0.501509741	1	0
0.110818836	0	0
0.532185331	1	0
0.770631120	1	1
0.113900394	0	0
0.085504951	0	0
0.160923522	0	0
0.086628707	0	0
0.162132630	0	0
0.793813911	1	1
0.195202032	0	0
0.219837545	0	1
0.161540115	0	0
0.207549573	0	0
0.087609144	0	0
0.089685966	0	0
0.401698354	0	1
0.241453908	0	0
0.178046799	0	0
0.064569067	0	0
0.195732019	0	0
0.065507290	0	0
0.461423344	0	1
0.243154314	0	0
0.146009496	0	0
0.226678710	0	0
0.184106569	0	1
0.104255957	0	1
0.143087632	0	0
0.783205813	1	0
0.458247176	0	1
0.090371291	0	0
0.118534879	0	1
0.308143156	0	0
0.281901915	0	1
0.177203259	0	0
0.509671886	1	0
0.246140287	0	1
0.429261684	0	0
0.383222499	0	1
0.047824157	0	0
0.271350540	0	0
0.421049308	0	0
0.972907499	1	1
0.124578022	0	0
0.998739439	1	1
0.131887471	0	1
0.151386773	0	0
0.053353097	0	0
0.320564242	0	0
0.093222389	0	0
0.076598949	0	0
0.247714782	0	1
0.159131145	0	0
0.325898267	0	0
0.118733477	0	1
0.086036155	0	0
0.399816494	0	0
0.092019745	0	0
0.431294007	0	1
0.107144524	0	0
0.476099491	0	0
0.599890709	1	1
0.610870272	1	1
0.717727387	1	1
0.426144765	0	0
0.115750627	0	0
0.333091150	0	1
0.251679612	0	0
0.130985831	0	0
0.165927608	0	0
0.098083343	0	1
0.180053037	0	0
0.060815673	0	0
0.952377629	1	1
0.998670577	1	1
0.072434151	0	0
0.707497585	1	0
0.128979307	0	0
0.222562562	0	1
0.215906688	0	0
0.867507665	1	1
0.175106728	0	0
0.616752595	1	1
0.686211865	1	0
0.087159937	0	0
0.070270251	0	0
0.100479634	0	0
0.061009050	0	0
0.767551341	1	1
0.718663913	1	1
0.864361664	1	1
0.228505357	0	1
0.108032390	0	0
0.228082321	0	0
0.577458296	1	0
0.256645094	0	0
0.078019062	0	0
0.555907887	1	1
0.201094601	0	0
0.062641615	0	0
0.197789735	0	1
0.052324477	0	1
0.082367979	0	0
0.148671899	0	0
0.065195782	0	0
0.071077906	0	0
0.708348993	1	0
0.836158483	1	1
0.230571977	0	0
0.197538952	0	0
0.432651447	0	0
0.761136059	1	1
0.999784974	1	1
0.128684478	0	0
0.095604067	0	0
0.668345184	1	1
0.168662996	0	0
0.171430739	0	0
0.883993456	1	1
0.818913198	1	1
0.124276334	0	0
0.112640285	0	0
0.214350129	0	1
0.605378123	1	0
0.192681102	0	0
0.068267978	0	0
0.234339469	0	0
0.682639986	1	0
0.541357582	1	0
0.995685472	1	1
0.166292025	0	0
0.475287709	0	0
0.132255113	0	0
0.900770973	1	0
0.090289045	0	0
0.176625215	0	0
0.142160341	0	0
0.131234849	0	0
0.162048876	0	1
0.574650737	1	0
0.162124514	0	0
0.236655369	0	0
0.713886740	1	1
0.569990152	1	1
0.099809101	0	0
0.090872211	0	0
0.140779622	0	0
0.228960012	0	0
0.248455348	0	0
0.578651209	1	1
0.701599071	1	1
0.081441144	0	1
0.077680971	0	0
0.053867758	0	0
0.196429732	0	1
0.428522839	0	1
0.311598962	0	0
0.760782417	1	1
0.825855499	1	1
0.134086647	0	0
0.589844745	1	1
0.389262678	0	0
0.185999659	0	0
0.849078218	1	0
0.595891516	1	1
0.928603591	1	1
0.054264832	0	0
0.348410175	0	1
0.249728236	0	0
0.123618876	0	0
0.760211937	1	1
0.448428102	0	1
0.277793977	0	0
0.457157525	0	0
0.216872706	0	0
0.979350154	1	1
0.340409781	0	0
0.179240225	0	0
0.936764894	1	1
0.178596303	0	0
0.616255093	1	1
0.119363738	0	1
0.212877353	0	0
0.586468429	1	0
0.247947090	0	0
0.173713594	0	0
0.894153547	1	0
0.107220996	0	0
0.810226451	1	1
0.086790992	0	0
0.188768018	0	1
0.144123451	0	0
0.171378425	0	0
0.772755130	1	1
0.058965636	0	0
0.118016346	0	0
0.865630416	1	1
0.501381778	1	0
0.088162063	0	0
0.080428161	0	0
0.059740689	0	0
0.149963405	0	0
0.975904995	1	1
0.748047775	1	1
0.094996160	0	0
0.150812724	0	0
0.403620243	0	0
0.701968326	1	1
0.108924512	0	0
0.087584630	0	0
0.205092770	0	0
0.883113262	1	1
0.602598790	1	0
0.191323565	0	1
0.088586887	0	0
0.165187692	0	0
0.240471253	0	0
0.461198703	0	1
0.122759974	0	0
0.330804116	0	1
0.358983471	0	1
0.144960916	0	0
0.898605090	1	1
0.503369738	1	0
0.194129679	0	0
0.738604993	1	1
0.121531382	0	0
0.505034595	1	0
0.238282004	0	0
0.103338143	0	0
0.999922913	1	1
0.978294544	1	1
0.098196799	0	0
0.159602095	0	0
0.276562370	0	0
0.298408518	0	0
0.060139104	0	0
0.110520544	0	0
0.134973575	0	0
0.144420029	0	0
0.308918109	0	0
0.197668712	0	0
0.597910975	1	1
0.936055775	1	1
0.269023768	0	1
0.836935528	1	1
0.213597213	0	1
0.104589618	0	0
0.727155650	1	0
0.138376138	0	0
0.374746286	0	1
0.386214293	0	1
0.520997665	1	1
0.097708308	0	0
0.968693250	1	1
0.336713995	0	1
0.988867739	1	1
0.077657009	0	0
0.984680042	1	1
0.105854393	0	0
0.115300687	0	0
0.071067383	0	0
0.468550251	0	1
0.129032623	0	0
0.484384552	0	0
0.816476041	1	1
0.463919929	0	0
0.130962365	0	0
0.118662078	0	0
0.281521557	0	0
0.442094061	0	1
0.146073671	0	0
0.842222479	1	1
0.108943085	0	0
0.234650655	0	0
0.078776316	0	0
0.427702575	0	0
0.573662696	1	1
0.088316132	0	0
0.165921735	0	0
0.044677675	0	0
0.439057765	0	0
0.096926012	0	0
0.112355918	0	0
0.121008890	0	0
0.825523373	1	1
0.094555981	0	0
0.251509796	0	1
0.115204428	0	0
0.664527684	1	0
0.469914563	0	1
0.071482192	0	0
0.094107933	0	1
0.368468736	0	1
0.857401897	1	1
0.103309064	0	0
0.221212866	0	0
0.088576044	0	0
0.095251096	0	0
0.344983023	0	0
0.728618793	1	1
0.329860839	0	0
0.096927160	0	0
0.094291138	0	0
0.983321273	1	1
0.133169238	0	0
0.480460677	0	0
0.438898787	0	1
0.249931935	0	0
0.422372270	0	1
0.296668688	0	0
0.185582076	0	1
0.709164710	1	0
0.158601437	0	0
0.540653651	1	0
0.075277519	0	0
0.053196079	0	0
0.135386320	0	0
0.654306962	1	1
0.246093791	0	0
0.161552279	0	1
0.873956659	1	1
0.055413047	0	0
0.696202268	1	1
0.173284843	0	0
0.419940747	0	1
0.983731946	1	0
0.489865571	0	1
0.065047035	0	0
0.175363262	0	0
0.646618035	1	1
0.323857752	0	0
0.234526253	0	0
0.681414937	1	0
0.079767635	0	0
0.112828234	0	0
0.336033894	0	0
0.168841741	0	0
0.082862420	0	0
0.100154633	0	0
0.639769996	1	1
0.128053850	0	0
0.195161419	0	0
0.455578420	0	0
0.227421912	0	0
0.291187597	0	0
0.415857077	0	1
0.078425864	0	0
0.563614457	1	0
0.093233882	0	0
0.066641112	0	0
0.108336907	0	0
0.137485099	0	0
0.057501382	0	0
0.128736485	0	0
0.602756046	1	1
0.083615643	0	1
0.085942168	0	0
0.132180839	0	0
0.824066666	1	1
0.365196440	0	0
0.367212948	0	0
0.104706084	0	0
0.386288421	0	1
0.407874988	0	1
0.473388473	0	0
0.124620882	0	0
0.214752958	0	0
0.159737365	0	0
0.155884625	0	0
0.694514664	1	0
0.078197932	0	0
0.071117196	0	0
0.992434011	1	1
0.123153096	0	0
0.191757998	0	1
0.097566291	0	0
0.081569392	0	0
0.436053855	0	1
0.067361797	0	0
0.084882639	0	0
0.068452538	0	0
0.753792452	1	1
0.062020062	0	1
0.116595228	0	0
0.105707351	0	1
0.150113974	0	0
0.160208405	0	0
0.279020655	0	1
0.104839674	0	0
0.148185949	0	0
0.981849330	1	1
0.259189423	0	1
0.248977398	0	0
0.263738599	0	0
0.339227386	0	0
0.100835853	0	0
0.609346452	1	0
0.121650205	0	0
0.539103502	1	0
0.143746269	0	0
0.110910202	0	0
0.079563702	0	0
0.138076054	0	0
0.656485742	1	0
0.162260759	0	0
0.419520240	0	1
0.080282156	0	0
0.085700973	0	0
0.204758243	0	1
0.093114924	0	1
0.921555307	1	1
0.913741734	1	1
0.159224642	0	0
0.234558320	0	1
0.799416714	1	1
0.575561521	1	1
0.108202160	0	0
0.737622370	1	1
0.167929890	0	0
0.089004296	0	0
0.869655084	1	1
0.180783330	0	0
0.148302766	0	0
0.270576158	0	1
0.102329933	0	0
0.099330092	0	0
0.251794481	0	0
0.591187916	1	0
0.425635450	0	0
0.982412221	1	1
0.090444289	0	0
0.998961091	1	1
0.431746143	0	0
0.139519719	0	1
0.293977825	0	0
0.121080265	0	0
0.928330471	1	1
0.198113790	0	0
0.125474768	0	0
0.833510854	1	1
0.193941086	0	1
0.383346344	0	1
0.053219686	0	0
0.087499798	0	0
0.312580520	0	1
0.554211453	1	1
0.254765742	0	0
0.354096524	0	1
0.336173046	0	1
0.079482858	0	0
0.937880602	1	1
0.624271546	1	1
0.332651273	0	1
0.120031440	0	0
0.440710859	0	1
0.955896519	1	1
0.126659245	0	0
0.849183752	1	1
0.262012227	0	0
0.161093573	0	0
0.122260351	0	0
0.106800827	0	0
0.877844309	1	1
0.845852961	1	0
0.196024227	0	0
0.842338496	1	1
0.327912807	0	0
0.993066895	1	1
0.092238864	0	0
0.184427436	0	1
0.586461781	1	1
0.062833711	0	0
0.345178842	0	0
0.097866396	0	0
0.164137188	0	0
0.442623610	0	0
0.399891450	0	0
0.180527781	0	0
0.066359703	0	0
0.396551714	0	1
0.136258003	0	1
0.698805381	1	0
0.171564162	0	0
0.750542591	1	1
0.583419576	1	1
0.857401041	1	1
0.699097652	1	1
0.531295580	1	0
0.311456129	0	0
0.346961727	0	1
0.818904876	1	1
0.828274711	1	1
0.234775497	0	0
0.711638990	1	1
0.066728888	0	1
0.112064649	0	0
0.763667526	1	0
0.278391377	0	0
0.593633917	1	1
0.073191291	0	0
0.443498925	0	0
0.759425847	1	1
0.781093003	1	1
0.129244757	0	0
0.148894436	0	0
0.747644780	1	1
0.410600758	0	1
0.235221230	0	0
0.058054923	0	0
0.757108162	1	0
0.103500880	0	0
0.071214487	0	0
0.896346029	1	1
0.156150139	0	0
0.786941144	1	1
0.161786970	0	0
0.624509867	1	1
0.084499609	0	0
0.421896826	0	1
0.130714941	0	0
0.114493678	0	0
0.148949954	0	0
0.820254875	1	1
0.290381006	0	1
0.956759838	1	0
0.126589025	0	0
0.689962312	1	1
0.843433556	1	0
0.201810304	0	0
0.887655339	1	1
0.152357745	0	0
0.102017159	0	0
0.575731312	1	0
0.934019088	1	1
0.950747795	1	0
0.154441695	0	1
0.207714009	0	1
0.457477302	0	0
0.973593646	1	1
0.883400842	1	1
0.137004431	0	1
0.177989969	0	0
0.158937938	0	0
0.131803691	0	1
0.224176793	0	0
0.274997619	0	0
0.696481065	1	1
0.818080736	1	1
0.157421698	0	1
0.399163006	0	1
0.953901147	1	1
0.831469265	1	1
0.976635221	1	1
0.073776172	0	0
0.627356329	1	1
0.093129547	0	0
0.560383098	1	1
0.444551904	0	1
0.210397373	0	1
0.086417267	0	0
0.101564053	0	0
0.846721425	1	1
0.157599281	0	0
0.116551869	0	0
0.846497240	1	1
0.110313372	0	0
0.082502435	0	0
0.916289395	1	1
0.056561867	0	0
0.707236759	1	1
0.152717545	0	0
0.126120179	0	0
0.153250771	0	0
0.203494112	0	0
0.052230759	0	0
0.253935038	0	0
0.083726033	0	0
0.956011663	1	1
0.147738307	0	0
0.178244920	0	0
0.316048733	0	0
0.583471869	1	0
0.287817251	0	0
0.787549344	1	1
0.462515134	0	1
0.199512369	0	1
0.116556975	0	0
0.235677839	0	1
0.837993075	1	1
0.839663328	1	0
0.084600751	0	0
0.798784540	1	1
0.770199756	1	1
0.060206549	0	0
0.080530949	0	1
0.213895603	0	0
0.107170509	0	0
0.170236100	0	0
0.150486203	0	0
0.352742769	0	0
0.081312347	0	0
0.139493105	0	0
0.289270123	0	0
0.116180982	0	0
0.167565183	0	0
0.160364621	0	0
0.109723856	0	0
0.516913355	1	0
0.074900383	0	0
0.348556590	0	0
0.069049022	0	0
0.639752762	1	1
0.217805693	0	1
0.787028801	1	0
0.099193215	0	0
0.143929040	0	0
0.216756586	0	0
0.320443193	0	0
0.136438974	0	0
0.514752410	1	1
0.518385381	1	1
0.126255312	0	0
0.149487481	0	0
0.510627138	1	0
0.108799672	0	0
0.123076763	0	0
0.219394438	0	0
0.992242971	1	1
0.211862427	0	0
0.121634789	0	0
0.859467329	1	1
0.448702396	0	0
0.404947546	0	1
0.997118465	1	1
0.298401709	0	0
0.173826505	0	0
0.363036364	0	0
0.535482410	1	0
0.424376897	0	0
0.972252282	1	1
0.079094291	0	0
0.864596076	1	1
0.826139878	1	1
0.153726274	0	0
0.764475651	1	1
0.221846138	0	1
0.452394390	0	1
0.240950633	0	1
0.358059393	0	0
0.135548336	0	0
0.085972483	0	0
0.064893839	0	0
0.245642230	0	0
0.193643486	0	0
0.132637332	0	0
0.877407423	1	1
0.401311521	0	1
0.118794811	0	0
0.099403781	0	0
0.878266862	1	1
0.134040425	0	0
0.137145275	0	0
0.999689010	1	1
0.076943464	0	0
0.149338024	0	0
0.430242012	0	0
0.867476051	1	0
0.273168427	0	0
0.816106087	1	1
0.142317124	0	0
0.129731482	0	0
0.876225628	1	1
0.087981776	0	0
0.353776019	0	1
0.798373905	1	1
0.620298698	1	1
0.173649743	0	0
0.913105368	1	0
0.712741562	1	1
0.421643315	0	0
0.997613317	1	1
0.325111455	0	0
0.940240950	1	1
0.956903165	1	1
0.061955197	0	0
0.988667569	1	1
0.274107714	0	0
0.256095958	0	0
0.381367571	0	0
0.144772087	0	0
0.141722356	0	0
0.052137954	0	0
0.392728291	0	1
0.737677565	1	1
0.099755588	0	0
0.484014262	0	0
0.058125364	0	0
0.062669094	0	1
0.185455194	0	1
0.131612527	0	0
0.181390993	0	0
0.122739117	0	0
0.090831779	0	0
0.064810346	0	0
0.247369392	0	0
0.986020026	1	1
0.782981553	1	1
0.841998108	1	0
0.879361068	1	1
0.994114572	1	1
0.399488756	0	1
0.131255793	0	0
0.641524545	1	1
0.055437329	0	0
0.804918324	1	1
0.509515356	1	1
0.204983520	0	0
0.831479049	1	1
0.296367708	0	1
0.088367556	0	0
0.144888389	0	0
0.128139766	0	0
0.121000447	0	1
0.076673128	0	0
0.134421743	0	0
0.181797465	0	0
0.719286011	1	0
0.416211629	0	0
0.170279899	0	0
0.436076440	0	1
0.114943672	0	0
0.108862240	0	0
0.081179329	0	0
0.315498033	0	1
0.103886579	0	0
0.375473154	0	1
0.857476804	1	1
0.998673182	1	1
0.070504831	0	0
0.707175937	1	1
0.236945521	0	0
0.104972087	0	0
0.109372462	0	0
0.346933588	0	1
0.058893272	0	0
0.088993363	0	0
0.276295564	0	0
0.075364840	0	0
0.712325804	1	1
0.351441139	0	0
0.083027248	0	0
0.177354691	0	1
0.707945421	1	1
0.102694215	0	0
0.073090943	0	0
0.055616606	0	0
0.483815043	0	0
0.168227080	0	0
0.998650722	1	1
0.902642166	1	1
0.111815344	0	0
0.317835102	0	1
0.876203148	1	1
0.186003941	0	0
0.997084334	1	1
0.151983783	0	0
0.177113557	0	0
0.820972578	1	1
0.830587380	1	1
0.999819037	1	1
0.149885939	0	1
0.126601480	0	0
0.066046293	0	0
0.822604421	1	1
0.990855631	1	1
0.699553826	1	1
0.130657942	0	0
0.066347707	0	0
0.525512219	1	1
0.395962396	0	1
0.885689628	1	0
0.749995149	1	0
0.875460183	1	0
0.058348948	0	1
0.593145746	1	0
0.209034803	0	0
0.241862583	0	0
0.361408452	0	0
0.104566821	0	0
0.667629807	1	1
0.508720784	1	1
0.246526931	0	1
0.943544874	1	1
0.367880379	0	0
0.184402286	0	0
0.211001662	0	0
0.346137035	0	0
0.225811396	0	0
0.116216673	0	0
0.140967455	0	0
0.077026509	0	1
0.998236864	1	1
0.666667116	1	1
0.211646507	0	0
0.145661336	0	0
0.719307760	1	1
0.070383701	0	0
0.720384429	1	1
0.075210521	0	1
0.841102102	1	0
0.113774770	0	0
0.841792641	1	1
0.563284131	1	1
0.061224721	0	0
0.097998563	0	0
0.119440841	0	0
0.197654343	0	0
0.173804795	0	0
0.170404363	0	0
0.269397727	0	0
0.941183625	1	1
0.390378009	0	0
0.138483921	0	1
0.385100153	0	0
0.175246423	0	0
0.367294325	0	0
0.277367632	0	0
0.934196923	1	1
0.679578241	1	1
0.177682869	0	0
0.942420482	1	1
0.281206919	0	0
0.107075273	0	0
0.140279986	0	0
0.419354407	0	0
0.103455629	0	0
0.998545717	1	1
0.310166217	0	0
0.853203700	1	1
0.137595888	0	0
0.081182404	0	0
0.149056170	0	0
0.597812376	1	0
0.349467340	0	1
0.866887790	1	0
0.123754427	0	0
0.181161119	0	0
0.123815217	0	0
0.143449097	0	0
0.132995927	0	0
0.130748632	0	0
0.953527365	1	1
0.110965569	0	0
0.134400104	0	0
0.220270191	0	0
0.108874913	0	0
0.158068421	0	0
0.999633601	1	1
0.241174225	0	1
0.987638284	1	1
0.261191375	0	1
0.155276374	0	0
0.348610534	0	1
0.574575624	1	1
0.769091480	1	1
0.214433648	0	0
0.742422789	1	1
0.785279406	1	0
0.177674402	0	0
0.464630214	0	1
0.116120808	0	0
0.050454161	0	0
0.272961930	0	0
0.122727624	0	0
0.995614369	1	1
0.102232377	0	0
0.256830148	0	0
0.066670102	0	0
0.258893430	0	0
0.169954919	0	0
0.278170476	0	0
0.722346769	1	0
0.214752676	0	1
0.059252467	0	1
0.948590207	1	1
0.229144534	0	0
0.123328081	0	0
0.152285905	0	1
0.067789531	0	0
0.176924555	0	0
0.108883815	0	0
0.197031504	0	0
0.069328296	0	0
0.200012296	0	0
0.081500934	0	0
0.188183816	0	1
0.628685308	1	1
0.185864718	0	1
0.221629709	0	0
0.125528486	0	0
0.098864365	0	0
0.717013116	1	1
0.101419173	0	0
0.431990178	0	1
0.621258531	1	1
0.664259361	1	1
0.337912941	0	0
0.089161151	0	0
0.129120187	0	0
0.066237802	0	0
0.921272634	1	1
0.683122157	1	1
0.105751952	0	0
0.417789896	0	1
0.123478723	0	0
0.131697888	0	0
0.774268571	1	1
0.104468446	0	0
0.236136813	0	0
0.071028824	0	0
0.388908207	0	0
0.963973226	1	1
0.935662629	1	1
0.287528175	0	1
0.238559587	0	0
0.300806114	0	0
0.115329645	0	0
0.232258265	0	0
0.286320587	0	1
0.574179907	1	0
0.083362736	0	0
0.171129712	0	0
0.064295474	0	0
0.483511778	0	0
0.096089100	0	0
0.975289256	1	1
0.754317288	1	1
0.061797082	0	0
0.142323759	0	0
0.707215015	1	1
0.654586951	1	0
0.103588360	0	0
0.103005738	0	0
0.585955357	1	1
0.712080877	1	1
0.074740420	0	0
0.091614259	0	0
0.131179339	0	0
0.654247142	1	1
0.140602114	0	0
0.181896603	0	0
0.182684379	0	0
0.782466061	1	0
0.298030622	0	1
0.154386297	0	0
0.088927365	0	0
0.995051013	1	1
0.267896326	0	1
0.744335500	1	1
0.118730200	0	0
0.928280363	1	1
0.239169487	0	0
0.191546055	0	0
0.094242419	0	0
0.142776450	0	0
0.748544420	1	1
0.999939654	1	1
0.119724514	0	0
0.526154500	1	0
0.973077024	1	1
0.353026188	0	0
0.210820429	0	0
0.144544686	0	0
0.966849512	1	1
0.124138409	0	0
0.269131123	0	0
0.079193638	0	0
0.409650044	0	0
0.758131748	1	1
0.109886164	0	0
0.825185776	1	1
0.267367699	0	1
0.307513908	0	1
0.836986733	1	0
0.332548677	0	0
0.652192234	1	1
0.876553306	1	1
0.095949567	0	0
0.106848799	0	0
0.939603311	1	1
0.628779677	1	0
0.247447622	0	0
0.875794712	1	1
0.180539218	0	1
0.443444684	0	1
0.126631652	0	1
0.994591203	1	1
0.125877461	0	0
0.242789649	0	0
0.958319927	1	1
0.586046845	1	0
0.101428564	0	0
0.104601742	0	0
0.999481399	1	1
0.666188160	1	1
0.876768710	1	0
0.083017818	0	0
0.668761176	1	1
0.719005526	1	0
0.115713199	0	0
0.884069999	1	1
0.056154595	0	0
0.740306185	1	1
0.666527695	1	1
0.092304471	0	0
0.904613884	1	1
0.060629813	0	0
0.216755923	0	0
0.104848156	0	0
0.115059739	0	0
0.376201101	0	1
0.405498515	0	0
0.585806054	1	1
0.909485311	1	1
0.159455065	0	0
0.137301153	0	0
0.682163635	1	1
0.064163927	0	0
0.704752290	1	0
0.221400279	0	0
0.999797387	1	1
0.116075308	0	0
0.558565207	1	1
0.113071430	0	0
0.740466178	1	1
0.152268264	0	0
0.108728264	0	0
0.658690317	1	0
0.170393534	0	0
0.215561469	0	0
0.582497562	1	0
0.581328457	1	0
0.180952243	0	0
0.132234739	0	0
0.729284438	1	0
0.055148825	0	0
0.125280703	0	0
0.151069638	0	0
0.197333322	0	0
0.123931176	0	0
0.678863091	1	1
0.127790901	0	0
0.140232424	0	0
0.119676815	0	0
0.891194727	1	0
0.894318356	1	1
0.448798783	0	0
0.070297462	0	0
0.245375137	0	0
0.997978966	1	1
0.070286996	0	0
0.152029116	0	1
0.057805539	0	0
0.854719679	1	1
0.062801472	0	0
0.079622620	0	0
0.087435873	0	0
0.337830238	0	1
0.191379570	0	0
0.643113094	1	0
0.142856344	0	0
0.139278861	0	1
0.219174021	0	0
0.128931399	0	0
0.126527888	0	0
0.512045253	1	0
0.153905666	0	0
0.523186705	1	0
0.090682343	0	0
0.240962076	0	0
0.134953817	0	0
0.874962253	1	0
0.519939326	1	1
0.807848653	1	1
0.286424161	0	1
0.237989582	0	0
0.317978332	0	1
0.788228876	1	1
0.200193269	0	1
0.998456202	1	1
0.118798629	0	0
0.991446998	1	1
0.092731648	0	0
0.339185868	0	0
0.102073656	0	0
0.109220429	0	0
0.109701354	0	0
0.156695671	0	0
0.695436564	1	1
0.847216210	1	0
0.905245888	1	1
0.849643634	1	0
0.153910608	0	0
0.689919932	1	0
0.544296207	1	0
0.087115999	0	0
0.129026632	0	0
0.065189930	0	0
0.071867880	0	0
0.064598877	0	0
0.245969985	0	0
0.484013078	0	0
0.787541505	1	1
0.896604258	1	1
0.215082332	0	0
0.359681631	0	1
0.318103942	0	0
0.144298577	0	0
0.769269413	1	1
0.184994865	0	0
0.185790872	0	0
0.548350099	1	1
0.406969014	0	0
0.568438895	1	1
0.164895732	0	0
0.151338763	0	0
0.903006306	1	0
0.944079416	1	1
0.141460977	0	0
0.826047645	1	1
0.846362184	1	1
0.452823682	0	1
0.099678842	0	0
0.550422970	1	0
0.086310737	0	1
0.386722488	0	0
0.567978688	1	1
0.118023715	0	0
0.079639628	0	0
0.069903002	0	0
0.096048457	0	0
0.707052274	1	1
0.086104103	0	0
0.695379314	1	0
0.057208930	0	0
0.123978073	0	0
0.184442174	0	0
0.094370353	0	0
0.990181452	1	1
0.103095063	0	0
0.308798201	0	0
0.272145017	0	0
0.276921857	0	0
0.135688737	0	1
0.204590151	0	0
0.941176881	1	1
0.863337912	1	0
0.081391262	0	1
0.135410708	0	0
0.582110412	1	0
0.357168296	0	0
0.092428096	0	0
0.999521843	1	1
0.259383075	0	1
0.417010095	0	0
0.170680863	0	0
0.620961231	1	1
0.964124313	1	1
0.057242424	0	0
0.166594566	0	0
0.594093221	1	1
0.123510589	0	0
0.389807036	0	0
0.136479349	0	0
0.069873841	0	0
0.197725112	0	0
0.057850916	0	0
0.617481217	1	1
0.751777881	1	1
0.115170769	0	0
0.611395897	1	1
0.078571055	0	0
0.115820150	0	0
0.708091254	1	1
0.217530869	0	1
0.150420352	0	0
0.437741083	0	1
0.207229796	0	0
0.099531986	0	0
0.251280736	0	1
0.134878045	0	0
0.386403419	0	0
0.172745598	0	0
0.154583153	0	0
0.760770150	1	1
0.126849233	0	0
0.092194608	0	0
0.100336337	0	0
0.998820574	1	1
0.356111398	0	0
0.506507388	1	1
0.149985115	0	0
0.109587944	0	0
0.689960695	1	0
0.161469617	0	0
0.241491345	0	0
0.058731667	0	0
0.096645906	0	1
0.786110767	1	1
0.314288417	0	1
0.122504544	0	0
0.294222892	0	1
0.721027018	1	1
0.102394704	0	0
0.321727993	0	0
0.903219009	1	1
0.155725734	0	0
0.091284971	0	0
0.194404658	0	0
0.748861259	1	0
0.106457745	0	0
0.417460098	0	1
0.107072895	0	1
0.160695558	0	0
0.585410360	1	1
0.198512466	0	0
0.187823484	0	0
0.104736155	0	0
0.151839784	0	1
0.984742199	1	1
0.189433106	0	1
0.275347676	0	0
0.087882419	0	0
0.097961294	0	0
0.140639703	0	0
0.105906756	0	0
0.140200748	0	0
0.119781473	0	0
0.338479046	0	1
0.088011009	0	1
0.334533496	0	0
0.708305268	1	1
0.169105115	0	0
0.559243325	1	0
0.162746802	0	0
0.733750383	1	1
0.225808605	0	0
0.838491603	1	0
0.102204423	0	0
0.121675035	0	0
0.175842542	0	1
0.586863516	1	1
0.783494236	1	0
0.660602955	1	1
0.209227613	0	0
0.096105762	0	0
0.786562044	1	1
0.126380120	0	0
0.869560769	1	1
0.203410839	0	0
0.100134325	0	0
0.789742272	1	0
0.971442377	1	1
0.564536010	1	1
0.106648783	0	1
0.304393892	0	1
0.288451943	0	0
0.817818876	1	0
0.122533879	0	0
0.210928296	0	1
0.243931442	0	0
0.367235806	0	1
0.072761295	0	0
0.119308150	0	0
0.190101470	0	0
0.107637672	0	0
0.252774753	0	1
0.899299351	1	1
0.264084953	0	0
0.785183886	1	1
0.131091840	0	1
0.105951751	0	0
0.319703024	0	0
0.138836685	0	1
0.103700542	0	0
0.160811943	0	0
0.770897781	1	0
0.166203222	0	0
0.074496255	0	0
0.995480926	1	1
0.114037637	0	1
0.688626092	1	1
0.067578815	0	0
0.146283001	0	0
0.671714273	1	1
0.468748507	0	1
0.233940610	0	0
0.086784013	0	0
0.078720254	0	0
0.224876813	0	1
0.197573795	0	1
0.165310518	0	0
0.077499868	0	0
0.143635976	0	0
0.924274633	1	1
0.142461458	0	0
0.175946074	0	0
0.217335330	0	0
0.850118226	1	1
0.070133835	0	0
0.072776441	0	0
0.272466571	0	0
0.381832765	0	0
0.434802768	0	0
0.742052012	1	0
0.900034265	1	1
0.102464364	0	0
0.826520945	1	1
0.096931045	0	0
0.717974789	1	0
0.077327682	0	0
0.881188976	1	1
0.140952136	0	0
0.982207844	1	1
0.793089894	1	0
0.104632210	0	0
0.141276255	0	0
0.088836172	0	0
0.270983524	0	1
0.478150557	0	0
0.295794964	0	1
0.202168479	0	0
0.744631038	1	1
0.189181183	0	0
0.250095761	0	0
0.662815322	1	1
0.053183322	0	0
0.234231936	0	0
0.146907904	0	0
0.236277925	0	1
0.255111189	0	1
0.548938624	1	1
0.217597165	0	0
0.419743359	0	0
0.255469442	0	0
0.057859160	0	0
0.080658054	0	1
0.677217223	1	0
0.120525914	0	0
0.152833273	0	0
0.350025682	0	1
0.930706805	1	1
0.217391740	0	0
0.144988649	0	1
0.747650296	1	1
0.711666433	1	1
0.185680237	0	0
0.055589857	0	1
0.071424392	0	0
0.238872466	0	0
0.451347637	0	1
0.180329045	0	0
0.923049780	1	1
0.912980121	1	1
0.251139816	0	1
0.975759217	1	1
0.233384685	0	1
0.593786275	1	1
0.076107010	0	0
0.356627114	0	1
0.375927203	0	1
0.744097997	1	1
0.082769471	0	0
0.864531789	1	1
0.535822383	1	1
0.315272539	0	0
0.165621035	0	1
0.140974601	0	0
0.095482077	0	0
0.881471026	1	1
0.171444107	0	0
0.055001720	0	0
0.218517353	0	0
0.547179357	1	1
0.777831851	1	1
0.090726187	0	0
0.045030987	0	0
0.167098586	0	0
0.710173221	1	1
0.423780419	0	1
0.457310723	0	1
0.154565130	0	0
0.170794394	0	0
0.961311251	1	1
0.456707925	0	0
0.663156179	1	1
0.142961507	0	0
0.773821893	1	1
0.814263825	1	1
0.619022019	1	1
0.231312091	0	1
0.106476581	0	0
0.797126647	1	1
0.056211740	0	0
0.059661887	0	0
0.107219140	0	0
0.138186689	0	0
0.992440655	1	1
0.638937686	1	0
0.678026684	1	1
0.229647763	0	0
0.219723696	0	1
0.111351408	0	1
0.999226615	1	1
0.349350440	0	0
0.188545713	0	0
0.237774192	0	0
0.183230663	0	0
0.065750650	0	0
0.256405319	0	0
0.284583811	0	0
0.067788003	0	0
0.513639081	1	1
0.261661293	0	0
0.242250069	0	0
0.227109181	0	0
0.176143846	0	0
0.087930518	0	0
0.999882847	1	1
0.088296203	0	0
0.126457420	0	0
0.755125973	1	0
0.066223598	0	0
0.081069344	0	0
0.120475306	0	0
0.901156908	1	1
0.978703419	1	1
0.158984922	0	1
0.463873944	0	1
0.123956479	0	0
0.161617010	0	0
0.320984506	0	1
0.182471520	0	0
0.162554361	0	0
0.238563089	0	0
0.122816538	0	0
0.136811134	0	0
0.091650932	0	0
0.087746319	0	1
0.127504950	0	0
0.148527271	0	0
0.076544271	0	0
0.078957107	0	0
0.342250069	0	1
0.996616550	1	1
0.762835139	1	0
0.478761765	0	1
0.311340293	0	0
0.098137850	0	0
0.321358168	0	0
0.625843879	1	1
0.068288200	0	0
0.263608936	0	0
0.779411948	1	1
0.161678373	0	0
0.408326378	0	1
0.082459423	0	0
0.633671728	1	1
0.873979178	1	0
0.090843470	0	0
0.185917480	0	0
0.570127012	1	0
0.245688731	0	0
0.209027039	0	0
0.638748253	1	1
0.254481868	0	0
0.994444520	1	1
0.294107648	0	0
0.071514204	0	0
0.169051231	0	0
0.084467995	0	0
0.082848905	0	0
0.887428642	1	0
0.773745663	1	0
0.815443687	1	0
0.213876348	0	0
0.796439498	1	0
0.824588750	1	0
0.244024765	0	0
0.962040018	1	1
0.610886689	1	1
0.117359571	0	0
0.144573425	0	0
0.115937418	0	0
0.063486074	0	1
0.086992751	0	0
0.990184767	1	1
0.318024598	0	0
0.624821807	1	1
0.295684125	0	0
0.369712090	0	1
0.498521544	0	0
0.166536127	0	0
0.078083670	0	0
0.117882557	0	0
0.093100170	0	0
0.730651926	1	1
0.237508282	0	1
0.109454575	0	0
0.622582872	1	1
0.076416392	0	0
0.092730309	0	1
0.248786679	0	1
0.506067739	1	0
0.217811025	0	0
0.232186404	0	0
0.086825000	0	0
0.508706630	1	0
0.090779421	0	0
0.065454489	0	0
0.690831116	1	1
0.209468785	0	0
0.575917068	1	1
0.073214350	0	0
0.607449548	1	0
0.104942201	0	0
0.116771617	0	1
0.103744595	0	0
0.140683658	0	0
0.405545530	0	1
0.444037279	0	1
0.061827659	0	0
0.715093787	1	0
0.197622889	0	0
0.070571557	0	0
0.211484533	0	0
0.748019932	1	1
0.334408139	0	0
0.837901876	1	1
0.057460902	0	0
0.428673529	0	0
0.079405807	0	0
0.408706564	0	1
0.662463553	1	1
0.540981302	1	1
0.083537580	0	0
0.879660288	1	0
0.117240624	0	0
0.067624302	0	0
0.473801021	0	1
0.925605905	1	1
0.115116743	0	0
0.156848008	0	1
0.996765045	1	1
0.157384912	0	0
0.079354397	0	0
0.711916900	1	0
0.139943849	0	0
0.062917822	0	0
0.820773508	1	1
0.165603176	0	0
0.205645049	0	0
0.173739121	0	0
0.944238292	1	1
0.065751427	0	0
0.401727422	0	0
0.521404103	1	1
0.226780743	0	0
0.132426245	0	0
0.434680643	0	0
0.074421109	0	0
0.199221873	0	0
0.075432370	0	1
0.248475185	0	0
0.457449901	0	0
0.637030155	1	1
0.275806852	0	0
0.151095571	0	0
0.408269929	0	0
0.070101099	0	0
0.995798583	1	1
0.096576312	0	0
0.991355531	1	1
0.427254681	0	0
0.076255429	0	0
0.090573096	0	0
0.954736437	1	1
0.460368505	0	0
0.818634107	1	1
0.211386298	0	1
0.137479735	0	0
0.215887729	0	0
0.554348135	1	0
0.145979780	0	0
0.417360760	0	0
0.658995761	1	1
0.369342380	0	0
0.064449292	0	0
0.173083701	0	0
0.478654697	0	1
0.098721067	0	0
0.905889385	1	1
0.081220643	0	0
0.122843253	0	0
0.799792293	1	1
0.091354396	0	0
0.776114870	1	1
0.123694632	0	0
0.125913653	0	0
0.103831161	0	0
0.217514062	0	0
0.051497360	0	0
0.095792451	0	0
0.150504389	0	0
0.824423086	1	1
0.161384019	0	0
0.205156716	0	0
0.109895777	0	0
0.154810986	0	0
0.462077796	0	1
0.678083285	1	0
0.869709678	1	1
0.999913539	1	1
0.108494885	0	0
0.332502329	0	0
0.315967098	0	1
0.683365904	1	1
0.104246059	0	0
0.854810644	1	1
0.115802206	0	0
0.080359166	0	0
0.161873164	0	0
0.140494838	0	0
0.086822000	0	0
0.100317250	0	0
0.321671839	0	1
0.219135147	0	0
0.098929586	0	0
0.781090555	1	0
0.731239961	1	1
0.042568395	0	0
0.736523990	1	1
0.068160615	0	1
0.830926056	1	1
0.058236792	0	0
0.947864647	1	1
0.074220537	0	0
0.080449673	0	0
0.382289050	0	0
0.046416978	0	0
0.094372185	0	0
0.083908410	0	1
0.789919051	1	1
0.656107050	1	1
0.170491416	0	0
0.119629599	0	0
0.043848890	0	0
0.792912760	1	1
0.398063624	0	1
0.359726869	0	1
0.156228904	0	0
0.641520054	1	1
0.341521173	0	0
0.178022640	0	0
0.991772608	1	1
0.082698779	0	0
0.083595612	0	0
0.495547482	0	1
0.195457512	0	0
0.993208415	1	1
0.799054095	1	1
0.108517517	0	0
0.273102728	0	0
0.120451594	0	0
0.160311121	0	0
0.987956339	1	0
0.206172815	0	0
0.649404961	1	0
0.155827949	0	0
0.965353215	1	1
0.173571844	0	0
0.166480759	0	0
0.123412640	0	0
0.465140852	0	0
0.215876647	0	0
0.455107682	0	1
0.115037617	0	0
0.979236663	1	1
0.477761198	0	0
0.094697480	0	0
0.287992406	0	0
0.148053894	0	0
0.358233359	0	1
0.167605302	0	0
0.141406064	0	1
0.223172306	0	0
0.207924325	0	1
0.075962485	0	0
0.154115604	0	1
0.131119096	0	0
0.158305746	0	0
0.627556949	1	1
0.081085396	0	0
0.565474397	1	1
0.079649884	0	0
0.438523811	0	1
0.077234603	0	1
0.574483915	1	0
0.497470606	0	1
0.700738538	1	0
0.192814265	0	1
0.406576324	0	0
0.354760239	0	0
0.072248356	0	0
0.475595810	0	0
0.730391265	1	0
0.313562401	0	0
0.304509341	0	0
0.096418514	0	0
0.072699379	0	0
0.260241764	0	0
0.075322258	0	0
0.093285701	0	0
0.142635131	0	0
0.881436880	1	1
0.218096679	0	0
0.844295425	1	1
0.999278303	1	1
0.386465570	0	1
0.109318507	0	0
0.175242600	0	0
0.142524010	0	1
0.183744431	0	0
0.096104692	0	0
0.665271394	1	0
0.137879421	0	0
0.753592564	1	0
0.146073586	0	0
0.131535718	0	0
0.106246485	0	0
0.996566834	1	1
0.546753391	1	1
0.679043440	1	0
0.066994947	0	0
0.453505339	0	1
0.427055517	0	0
0.112704106	0	0
0.453839407	0	0
0.197418985	0	0
0.521260246	1	0
0.544475264	1	0
0.892698440	1	1
0.483715604	0	0
0.468013410	0	0
0.970405196	1	1
0.349223851	0	0
0.103317574	0	0
0.986147369	1	1
0.748463000	1	1
0.275299699	0	0
0.108023719	0	0
0.584028009	1	1
0.533780448	1	0
0.158101774	0	0
0.061116125	0	0
0.430578420	0	0
0.172200506	0	0
0.358039886	0	1
0.994884446	1	1
0.302720732	0	1
0.260115248	0	0
0.331391357	0	0
0.343524360	0	0
0.816792630	1	0
0.517854039	1	1
0.545343557	1	1
0.112722977	0	0
0.163966774	0	0
0.941293823	1	1
0.133887359	0	1
0.229124616	0	1
0.115030740	0	0
0.542198045	1	1
0.125237468	0	0
0.153523864	0	0
0.998926545	1	1
0.787412087	1	0
0.109337744	0	0
0.265152770	0	1
0.545305466	1	0
0.094990542	0	0
0.450830654	0	0
0.182668256	0	0
0.103981448	0	0
0.097787415	0	0
0.139446102	0	0
0.967557359	1	1
0.993344764	1	1
0.555194238	1	1
0.483408130	0	0
0.129264463	0	0
0.075067531	0	0
0.075466798	0	0
0.171543695	0	1
0.338296800	0	0
0.096382826	0	0
0.242242868	0	0
0.224490718	0	1
0.094102919	0	0
0.747122362	1	1
0.504981724	1	0
0.542427782	1	1
0.740750064	1	1
0.199784556	0	0
0.245902528	0	0
0.254246370	0	1
0.133347134	0	0
0.077855406	0	0
0.174170464	0	0
0.134521730	0	0
0.306862629	0	0
0.865658037	1	1
0.124912934	0	0
0.214169582	0	0
0.435220701	0	1
0.113925296	0	1
0.094073194	0	0
0.126844059	0	0
0.116275049	0	0
0.197364357	0	0
0.443006277	0	0
0.070776161	0	0
0.695741643	1	1
0.128714758	0	0
0.508036381	1	1
0.607331504	1	1
0.240663879	0	0
0.993471298	1	1
0.436026460	0	0
0.247483287	0	0
0.863011795	1	1
0.872243151	1	1
0.723111079	1	1
0.589829691	1	0
0.370371013	0	0
0.189004053	0	0
0.875971825	1	1
0.146329210	0	1
0.129274140	0	0
0.150407696	0	0
0.275668776	0	0
0.069959744	0	0
0.603287160	1	0
0.087306409	0	0
0.327999816	0	1
0.950384279	1	1
0.267378499	0	1
0.062066414	0	0
0.139344414	0	0
0.383225258	0	1
0.330040478	0	0
0.421443437	0	0
0.796803536	1	1
0.909251664	1	1
0.210948228	0	0
0.073322971	0	0
0.118536506	0	1
0.595117862	1	0
0.216800978	0	1
0.125644668	0	0
0.086776518	0	0
0.294198992	0	0
0.989023320	1	1
0.871924241	1	1
0.235764110	0	1
0.513633406	1	1
0.339079342	0	0
0.268855368	0	1
0.296681701	0	0
0.470435938	0	1
0.562055841	1	1
0.355627892	0	0
0.327133212	0	0
0.147469644	0	0
0.056362018	0	0
0.099993581	0	1
0.241339481	0	0
0.064716949	0	0
0.090501403	0	0
0.122658142	0	0
0.998556510	1	1
0.947678983	1	1
0.107202349	0	0
0.541132701	1	1
0.706718481	1	1
0.317880704	0	0
0.541468039	1	1
0.170273894	0	0
0.066578101	0	0
0.168471297	0	0
0.205551496	0	1
0.109988466	0	0
0.815077193	1	1
0.157619670	0	0
0.088020319	0	0
0.177210247	0	1
0.152809689	0	0
0.096047728	0	0
0.119462927	0	0
0.143511976	0	0
0.925075981	1	1
0.153413698	0	0
0.202707126	0	0
0.827914087	1	1
0.677660555	1	1
0.681483757	1	1
0.794177342	1	1
0.630434836	1	1
0.754028392	1	1
0.184994336	0	0
0.229426033	0	0
0.296950965	0	0
0.095085950	0	0
0.482102553	0	1
0.834570661	1	0
0.173267171	0	0
0.827762762	1	0
0.266602870	0	1
0.127682739	0	0
0.133603605	0	0
0.333506378	0	0
0.371398147	0	1
0.424750179	0	1
0.304207803	0	1
0.889057590	1	1
0.159633060	0	0
0.351560173	0	0
0.205499402	0	0
0.086787893	0	0
0.702256597	1	0
0.135121110	0	0
0.191001896	0	1
0.161506452	0	0
0.850303137	1	1
0.979716989	1	1
0.470883695	0	0
0.080426537	0	0
0.091438625	0	0
0.440028431	0	0
0.383788405	0	0
0.151639408	0	0
0.865909537	1	0
0.236185475	0	0
0.111472320	0	0
0.393407462	0	0
0.678679047	1	1
0.680480226	1	0
0.156521993	0	0
0.077648990	0	0
0.844255217	1	1
0.937674729	1	1
0.484041035	0	0
0.481610906	0	0
0.813127519	1	0
0.582609740	1	0
0.165535486	0	0
0.686209502	1	1
0.990847652	1	1
0.598699501	1	1
0.091042877	0	0
0.132893098	0	0
0.153083268	0	1
0.102209645	0	0
0.140336448	0	0
0.112244710	0	0
0.262658467	0	0
0.146498734	0	0
0.155110736	0	0
0.998050258	1	1
0.303796865	0	0
0.154395643	0	0
0.205749616	0	0
0.769000192	1	1
0.239264186	0	1
0.788579613	1	0
0.995470146	1	1
0.203576494	0	0
0.961594927	1	1
0.536366394	1	1
0.623654435	1	1
0.305124046	0	1
0.163355644	0	0
0.690040758	1	1
0.088994096	0	0
0.298075509	0	0
0.115874918	0	0
0.171368014	0	0
0.131100318	0	0
0.205344797	0	0
0.215204060	0	1
0.623234239	1	0
0.241158879	0	1
0.227101409	0	0
0.130233393	0	0
0.085460110	0	0
0.077765875	0	0
0.231867506	0	0
0.091044714	0	1
0.371036942	0	0
0.229302515	0	0
0.278498748	0	1
0.189697585	0	0
0.599303753	1	1
0.537877688	1	1
0.167588326	0	0
0.107901288	0	0
0.919189527	1	1
0.262785650	0	1
0.115028459	0	0
0.144647790	0	0
0.106797392	0	0
0.999950888	1	1
0.389757898	0	1
0.140419350	0	0
0.214755826	0	0
0.102660485	0	0
0.768478222	1	1
0.169894581	0	1
0.825294067	1	1
0.984831253	1	0
0.550374957	1	0
0.209188003	0	0
0.648130127	1	0
0.089113497	0	0
0.158286225	0	0
0.101523506	0	0
0.072305377	0	0
0.682001990	1	0
3157	864
0.668457405986
