1	8900.55933639	11056	3943
2	7419.62967584	11771	3228
3	7344.07684641	11765	3234
4	7365.74779896	11750	3249
5	7389.72161042	11763	3236
6	7417.25251788	11747	3252
7	7449.74926546	11754	3245
8	7468.85200815	11764	3235
9	7495.44469753	11765	3234
10	7516.72024546	11756	3243
0.762916088	1	1
0.762901851	1	1
0.177211718	0	0
0.762924599	1	1
0.167107367	0	1
0.750733505	1	1
0.762924613	1	1
0.166340882	0	0
0.762894346	1	0
0.750227508	1	1
0.737298672	1	1
0.170928872	0	0
0.316343800	0	1
0.166331986	0	0
0.762924613	1	1
0.546670818	1	1
0.166367194	0	0
0.166327801	0	0
0.166379380	0	0
0.538361503	1	0
0.188173736	0	1
0.167121386	0	0
0.166329732	0	0
0.166326883	0	1
0.703683179	1	1
0.762310943	1	1
0.166323081	0	0
0.166324171	0	0
0.166326963	0	0
0.166370275	0	0
0.166653480	0	0
0.166555372	0	0
0.762924613	1	1
0.180409681	0	0
0.166332133	0	1
0.166326643	0	0
0.166364949	0	0
0.193083060	0	1
0.762924613	1	1
0.762185255	1	1
0.178494480	0	1
0.168164327	0	0
0.762910022	1	1
0.762865679	1	1
0.168416281	0	0
0.166466418	0	0
0.166324338	0	0
0.166322619	0	0
0.762924613	1	1
0.166323096	0	0
0.166322748	0	1
0.166364880	0	0
0.762905037	1	1
0.550214880	1	0
0.762906618	1	1
0.758874174	1	0
0.166325828	0	0
0.166494034	0	0
0.213534768	0	0
0.166322410	0	1
0.723621646	1	1
0.756046554	1	0
0.757092172	1	1
0.166332497	0	1
0.762539576	1	1
0.166443758	0	0
0.169806683	0	1
0.762797488	1	1
0.615285840	1	0
0.700541831	1	0
0.166339044	0	1
0.166348407	0	0
0.762924612	1	1
0.166860751	0	0
0.713095877	1	0
0.167593338	0	1
0.760885846	1	0
0.166323394	0	0
0.762922739	1	0
0.723679151	1	1
0.166791460	0	0
0.166323961	0	0
0.762924613	1	1
0.166349756	0	0
0.166332794	0	0
0.762924613	1	1
0.420657537	0	0
0.166706232	0	0
0.166322584	0	0
0.166322408	0	0
0.218140536	0	0
0.749964364	1	1
0.562612910	1	0
0.173391995	0	1
0.166339559	0	1
0.166323606	0	0
0.168926248	0	1
0.293426831	0	0
0.215813273	0	0
0.762813328	1	1
0.166330387	0	0
0.169683014	0	0
0.762889304	1	1
0.166343486	0	0
0.762922195	1	1
0.202136774	0	1
0.717978229	1	1
0.742048153	1	0
0.166325045	0	0
0.166327748	0	0
0.298548299	0	0
0.761706205	1	1
0.762924613	1	1
0.166322385	0	0
0.166331297	0	0
0.166322663	0	0
0.166364794	0	0
0.760924532	1	1
0.166614148	0	1
0.166382301	0	0
0.284021286	0	0
0.761639098	1	0
0.167113322	0	0
0.166918382	0	0
0.762924613	1	0
0.166476804	0	0
0.166326560	0	0
0.177604375	0	1
0.166323865	0	0
0.166371827	0	0
0.166322542	0	0
0.167383713	0	1
0.166493336	0	0
0.167221759	0	0
0.166389469	0	1
0.166322456	0	0
0.166369792	0	0
0.166943369	0	0
0.760675155	1	1
0.166349485	0	0
0.166335243	0	0
0.728102968	1	1
0.168483577	0	1
0.762924613	1	1
0.166322600	0	0
0.173971934	0	0
0.762924613	1	1
0.166405743	0	0
0.166427705	0	1
0.166410707	0	1
0.166323964	0	0
0.166332057	0	0
0.166664235	0	0
0.166455972	0	0
0.181184384	0	0
0.174145926	0	1
0.176451203	0	0
0.166327672	0	0
0.166644585	0	0
0.166334123	0	0
0.167782542	0	0
0.168968855	0	1
0.166544286	0	0
0.166345075	0	0
0.166330446	0	0
0.383544745	0	0
0.166327913	0	1
0.166622308	0	0
0.421809404	0	1
0.762905432	1	1
0.166360620	0	0
0.762924613	1	1
0.166867082	0	0
0.166345797	0	0
0.757609696	1	0
0.166323157	0	0
0.201391864	0	0
0.676644106	1	1
0.762923393	1	1
0.166774783	0	0
0.166322342	0	0
0.166373008	0	1
0.166505444	0	0
0.166330706	0	0
0.762923444	1	1
0.169905608	0	0
0.166384482	0	1
0.762924613	1	1
0.581529866	1	0
0.166343935	0	0
0.715864451	1	1
0.166322914	0	0
0.402214496	0	0
0.167246199	0	0
0.189974634	0	0
0.166329140	0	0
0.166400267	0	1
0.166325331	0	0
0.762924613	1	1
0.762424295	1	0
0.762924613	1	1
0.762573410	1	0
0.168298989	0	1
0.762924613	1	1
0.166351056	0	0
0.750215557	1	0
0.173055507	0	0
0.166373798	0	0
0.761234184	1	1
0.196004715	0	0
0.166330661	0	0
0.255781368	0	0
0.166331316	0	0
0.166322442	0	1
0.166325050	0	0
0.166406512	0	0
0.461503708	0	1
0.166354069	0	0
0.364578207	0	0
0.750300066	1	1
0.762924606	1	1
0.414886089	0	1
0.755326787	1	1
0.222981923	0	0
0.762924613	1	1
0.166688640	0	0
0.762871080	1	1
0.312153442	0	0
0.762501035	1	0
0.166322431	0	0
0.166346271	0	0
0.166322451	0	0
0.762826105	1	0
0.166326075	0	0
0.762780233	1	0
0.166344146	0	0
0.762834378	1	1
0.166590448	0	0
0.166416878	0	1
0.224783559	0	1
0.166331045	0	0
0.762924613	1	1
0.753956298	1	1
0.166346972	0	0
0.761119003	1	1
0.166392469	0	0
0.166441161	0	0
0.761778190	1	0
0.166539143	0	0
0.166652937	0	0
0.166334999	0	0
0.762920873	1	1
0.166436845	0	0
0.762305185	1	1
0.762896282	1	0
0.166322885	0	1
0.680572263	1	1
0.166409557	0	0
0.166387997	0	0
0.167248073	0	1
0.762924458	1	1
0.166415485	0	0
0.166324879	0	0
0.166350063	0	1
0.166322994	0	0
0.166575220	0	0
0.166324837	0	0
0.166324701	0	0
0.166342078	0	1
0.175869636	0	0
0.166322359	0	0
0.167733429	0	1
0.167025480	0	1
0.762924542	1	1
0.723261561	1	0
0.762924613	1	1
0.166323171	0	0
0.175341481	0	0
0.166322960	0	0
0.718027208	1	0
0.166334351	0	0
0.174063785	0	0
0.166418201	0	0
0.703707801	1	1
0.166329694	0	0
0.166323693	0	0
0.166322495	0	0
0.166482819	0	0
0.166331298	0	0
0.166894631	0	0
0.166802159	0	0
0.166322527	0	0
0.212277185	0	0
0.166322414	0	0
0.725896979	1	0
0.166518290	0	0
0.171130327	0	0
0.166336118	0	0
0.166329108	0	0
0.762368559	1	1
0.166324484	0	0
0.166323165	0	0
0.166322744	0	0
0.760435788	1	0
0.166324889	0	0
0.166435374	0	1
0.166511707	0	0
0.168428687	0	0
0.167059108	0	1
0.166322402	0	1
0.166420742	0	0
0.609659463	1	0
0.166330939	0	1
0.762924613	1	1
0.762924585	1	1
0.361455971	0	0
0.166328147	0	0
0.168022814	0	0
0.397551805	0	0
0.166458124	0	0
0.762848226	1	1
0.166383081	0	0
0.166328083	0	0
0.760748100	1	1
0.166490496	0	0
0.166322774	0	0
0.167019932	0	1
0.762924613	1	1
0.168942724	0	0
0.166326993	0	0
0.166342655	0	0
0.727987589	1	0
0.182222934	0	1
0.166910028	0	0
0.762319651	1	1
0.196777739	0	1
0.166325464	0	0
0.539608753	1	0
0.760595554	1	1
0.175614360	0	0
0.166629349	0	0
0.201328575	0	1
0.166660300	0	0
0.199356714	0	0
0.762924613	1	1
0.166430752	0	0
0.762490327	1	1
0.762870354	1	0
0.166368751	0	0
0.166344020	0	0
0.166327343	0	0
0.166393596	0	0
0.166323988	0	0
0.166773580	0	1
0.166326538	0	0
0.167802101	0	0
0.513066366	1	0
0.166371086	0	0
0.760450317	1	1
0.172337218	0	1
0.166326312	0	0
0.762924613	1	1
0.166635707	0	1
0.167712270	0	0
0.191749205	0	0
0.166660119	0	0
0.166322354	0	0
0.174559918	0	1
0.166357880	0	1
0.166323443	0	0
0.166323070	0	0
0.166707406	0	0
0.242861257	0	1
0.166332549	0	0
0.166342103	0	0
0.759676334	1	0
0.762154737	1	1
0.304627089	0	0
0.295387115	0	0
0.166322502	0	0
0.166326379	0	0
0.171222705	0	0
0.762924613	1	1
0.166322540	0	0
0.762202614	1	1
0.166335608	0	0
0.762916367	1	1
0.166324866	0	0
0.166339892	0	0
0.166366562	0	0
0.717366972	1	0
0.762923710	1	1
0.195527884	0	1
0.202793486	0	0
0.166753573	0	0
0.166383879	0	0
0.166322386	0	0
0.223208613	0	1
0.166535109	0	0
0.166394622	0	0
0.166473097	0	0
0.321331461	0	1
0.209464849	0	0
0.762907961	1	1
0.762924613	1	1
0.756667990	1	0
0.762823721	1	1
0.762252656	1	0
0.166344862	0	1
0.166322521	0	0
0.284287174	0	0
0.166401544	0	0
0.762924613	1	1
0.669734331	1	1
0.762696430	1	1
0.166323571	0	0
0.166328994	0	0
0.762924613	1	1
0.395506938	0	0
0.762924613	1	1
0.166346256	0	0
0.755913801	1	0
0.762126361	1	1
0.269746935	0	0
0.166357675	0	1
0.751993857	1	0
0.167144884	0	0
0.166339592	0	0
0.166555889	0	1
0.762924613	1	1
0.166461869	0	0
0.166324716	0	0
0.166323510	0	0
0.166322811	0	0
0.166322317	0	0
0.482873885	0	1
0.166328859	0	0
0.177405237	0	1
0.166453631	0	0
0.762924613	1	1
0.166331662	0	0
0.166389540	0	0
0.166324878	0	0
0.760430935	1	0
0.168056542	0	0
0.762924613	1	1
0.166377353	0	0
0.166323481	0	0
0.226171523	0	0
0.166510426	0	1
0.656061559	1	1
0.166509366	0	1
0.166339815	0	0
0.167698124	0	1
0.166479077	0	0
0.244247580	0	0
0.166335955	0	0
0.166328084	0	0
0.762924613	1	1
0.166325087	0	0
0.174796353	0	0
0.166346696	0	0
0.166654164	0	0
0.762921590	1	1
0.180331303	0	0
0.166490720	0	0
0.166322531	0	0
0.186528870	0	0
0.166324189	0	0
0.179365717	0	0
0.166322547	0	0
0.175679665	0	0
0.166363179	0	0
0.762888001	1	1
0.757387508	1	0
0.168453633	0	1
0.762832314	1	1
0.762924613	1	1
0.166330526	0	0
0.166328671	0	0
0.761108389	1	1
0.166335178	0	0
0.166322329	0	0
0.760283266	1	0
0.166667068	0	0
0.500153122	1	0
0.167682958	0	0
0.166322660	0	0
0.262188306	0	1
0.701309372	1	0
0.166334257	0	0
0.166348888	0	1
0.168982534	0	1
0.762923264	1	1
0.167498514	0	0
0.166677846	0	0
0.167714243	0	1
0.166324278	0	0
0.166426768	0	0
0.166927088	0	0
0.166325507	0	0
0.762924236	1	1
0.166330036	0	0
0.762683222	1	1
0.745768192	1	1
0.166470297	0	1
0.166481043	0	0
0.166349788	0	1
0.166326022	0	0
0.166328374	0	0
0.759235736	1	0
0.761795711	1	0
0.166322573	0	0
0.185215743	0	1
0.166827572	0	0
0.166322354	0	0
0.170866594	0	0
0.170184782	0	0
0.759388592	1	1
0.166387278	0	0
0.762895679	1	1
0.454093973	0	0
0.167042674	0	0
0.167234351	0	0
0.451991738	0	1
0.623162496	1	1
0.166338676	0	0
0.166322999	0	0
0.735296722	1	1
0.166339502	0	0
0.166328972	0	0
0.168910267	0	0
0.515622481	1	0
0.759195669	1	0
0.762924613	1	1
0.572714799	1	0
0.205745291	0	0
0.661328934	1	1
0.166344521	0	0
0.762924611	1	0
0.166322603	0	0
0.166331846	0	0
0.762924613	1	1
0.224469014	0	0
0.758497331	1	0
0.166324897	0	0
0.345290442	0	1
0.166332857	0	0
0.166330599	0	0
0.762924613	1	1
0.166323141	0	1
0.280594721	0	0
0.166356081	0	0
0.698549242	1	1
0.742769723	1	0
0.746163720	1	1
0.180199313	0	0
0.762924610	1	1
0.166371413	0	0
0.167840299	0	0
0.221906280	0	0
0.166372493	0	1
0.171569899	0	0
0.166333141	0	0
0.762924613	1	1
0.166329168	0	0
0.762924613	1	1
0.177207671	0	0
0.168969685	0	0
0.166543498	0	0
0.504114098	1	0
0.166329801	0	0
0.762868255	1	0
0.166339519	0	0
0.166417471	0	0
0.168654134	0	1
0.166705302	0	0
0.762924613	1	1
0.166633106	0	0
0.751413624	1	0
0.167183603	0	0
0.166326917	0	1
0.762841290	1	1
0.166322490	0	0
0.171855756	0	1
0.166322746	0	0
0.762919378	1	1
0.166329255	0	0
0.168835999	0	0
0.762924609	1	1
0.328730494	0	1
0.167520094	0	1
0.692222061	1	1
0.166340459	0	1
0.166339010	0	0
0.180032818	0	1
0.709102283	1	0
0.167045031	0	0
0.762904826	1	0
0.170289265	0	0
0.169575487	0	0
0.184485450	0	0
0.762739163	1	1
0.666736386	1	0
0.166434440	0	0
0.298620242	0	0
0.167718234	0	0
0.762897511	1	0
0.186505569	0	1
0.173666120	0	0
0.225783563	0	0
0.166322542	0	0
0.167266797	0	0
0.166336973	0	1
0.166322547	0	0
0.166359462	0	0
0.166332747	0	0
0.761809425	1	1
0.737306424	1	0
0.166487796	0	1
0.762913584	1	1
0.762924613	1	1
0.496836551	0	1
0.166323325	0	1
0.166331306	0	1
0.166423943	0	0
0.166348048	0	0
0.752669761	1	1
0.166322458	0	0
0.166322761	0	0
0.232202362	0	0
0.169715420	0	0
0.762924613	1	1
0.166322475	0	0
0.167473733	0	0
0.166634650	0	1
0.166323716	0	0
0.166608783	0	0
0.166333015	0	0
0.404225534	0	0
0.758926853	1	0
0.166688250	0	0
0.166343077	0	0
0.762796039	1	0
0.608112656	1	0
0.761473198	1	1
0.221281097	0	1
0.550390333	1	0
0.166325554	0	0
0.762924613	1	1
0.166348361	0	0
0.761918536	1	0
0.728703404	1	0
0.737707192	1	1
0.166363595	0	1
0.167479251	0	0
0.166341746	0	0
0.680355623	1	1
0.333393749	0	0
0.255805931	0	1
0.166326874	0	0
0.166322680	0	0
0.166333297	0	0
0.549394321	1	0
0.762693079	1	1
0.166541269	0	0
0.166586573	0	1
0.167687580	0	1
0.166381673	0	1
0.166322473	0	0
0.167633562	0	1
0.170116138	0	1
0.166323456	0	0
0.166342776	0	0
0.167706145	0	1
0.166933603	0	1
0.166323927	0	0
0.166322695	0	0
0.166819726	0	1
0.762924613	1	1
0.166522057	0	0
0.762924613	1	1
0.172193094	0	0
0.761941366	1	0
0.762924613	1	1
0.166467030	0	0
0.762882991	1	1
0.167216086	0	0
0.223226073	0	0
0.166322416	0	0
0.762918674	1	1
0.166322418	0	0
0.167556530	0	0
0.762692013	1	0
0.647684555	1	1
0.173391983	0	0
0.224072694	0	0
0.166429936	0	0
0.166326617	0	0
0.166332339	0	0
0.166393197	0	1
0.761783845	1	1
0.762895024	1	1
0.762924613	1	1
0.166386407	0	0
0.166939014	0	0
0.762870954	1	1
0.762652173	1	1
0.166322551	0	0
0.188519967	0	1
0.166376018	0	1
0.762924613	1	1
0.228198038	0	0
0.166323115	0	0
0.557505341	1	0
0.166367220	0	0
0.166350426	0	0
0.167275747	0	1
0.170369859	0	1
0.208643690	0	1
0.762704811	1	0
0.166442263	0	1
0.166387841	0	0
0.166347358	0	0
0.167368798	0	1
0.431725837	0	0
0.762765348	1	1
0.166339254	0	0
0.762057902	1	1
0.166322603	0	1
0.173017495	0	1
0.166555546	0	0
0.166322950	0	0
0.750462525	1	1
0.166328703	0	0
0.762894710	1	0
0.760173868	1	0
0.166325414	0	0
0.762924613	1	1
0.166329026	0	0
0.166335121	0	0
0.166327351	0	0
0.762924308	1	1
0.166344710	0	0
0.729925823	1	0
0.289253848	0	1
0.762924612	1	1
0.166448556	0	0
0.762924613	1	1
0.166323146	0	0
0.175657640	0	0
0.166379010	0	0
0.724990133	1	0
0.166356736	0	0
0.166384588	0	0
0.166356500	0	0
0.166329900	0	1
0.196877817	0	1
0.166455348	0	0
0.166331235	0	0
0.250042258	0	0
0.166344986	0	0
0.320306467	0	1
0.669182491	1	0
0.166324642	0	0
0.166327744	0	0
0.166340387	0	0
0.761866841	1	0
0.166329081	0	0
0.166374441	0	0
0.166515093	0	0
0.166327281	0	1
0.252596595	0	0
0.215513305	0	1
0.166323986	0	0
0.762924613	1	1
0.762919783	1	1
0.174741326	0	0
0.166323011	0	1
0.166399318	0	0
0.166329761	0	0
0.563287788	1	1
0.188918640	0	0
0.166338627	0	1
0.199783607	0	0
0.762816494	1	0
0.187184481	0	0
0.166322500	0	0
0.170082244	0	0
0.170250765	0	1
0.166325168	0	0
0.166322535	0	0
0.762924613	1	1
0.166364347	0	0
0.166390272	0	0
0.762882684	1	1
0.166324712	0	0
0.171670678	0	1
0.762840475	1	0
0.521460882	1	1
0.762924612	1	1
0.180000403	0	0
0.166327848	0	0
0.166324784	0	0
0.576934858	1	0
0.761586561	1	0
0.166327278	0	0
0.762914013	1	1
0.166324881	0	0
0.762861439	1	1
0.166764066	0	0
0.341427066	0	0
0.166722151	0	0
0.166326092	0	0
0.166324890	0	0
0.762919636	1	1
0.762667622	1	1
0.166375987	0	0
0.488014576	0	0
0.762901841	1	1
0.757432560	1	0
0.167404156	0	1
0.166323926	0	0
0.169500737	0	0
0.166322380	0	0
0.187077146	0	0
0.400412112	0	0
0.166430556	0	1
0.166389807	0	1
0.167119419	0	0
0.166426910	0	1
0.611383832	1	0
0.762924613	1	1
0.690363980	1	0
0.760526450	1	0
0.166365604	0	0
0.169310305	0	0
0.166336983	0	0
0.671935382	1	0
0.166324476	0	0
0.166324964	0	0
0.166323089	0	0
0.760717794	1	1
0.762813052	1	0
0.166322942	0	0
0.762378486	1	1
0.732518366	1	0
0.166774604	0	0
0.760569586	1	1
0.762922053	1	1
0.166372350	0	0
0.166326454	0	0
0.166398187	0	0
0.166322720	0	0
0.166329482	0	1
0.166360856	0	0
0.166323097	0	0
0.167174262	0	0
0.762924613	1	1
0.166902438	0	0
0.234879935	0	0
0.166322387	0	0
0.166324869	0	0
0.167598672	0	0
0.192125195	0	0
0.167651569	0	0
0.762924613	1	1
0.166325619	0	0
0.166322540	0	0
0.167554920	0	0
0.166322988	0	0
0.648467632	1	1
0.180351511	0	0
0.166323200	0	0
0.166334047	0	0
0.166343782	0	0
0.166350262	0	0
0.762924613	1	1
0.496160472	0	1
0.757886618	1	0
0.409680516	0	0
0.166327997	0	0
0.166328047	0	0
0.168883611	0	0
0.577191553	1	0
0.166323668	0	0
0.762857502	1	0
0.166336049	0	1
0.166332360	0	0
0.166323237	0	1
0.668685713	1	1
0.403684258	0	1
0.166323413	0	0
0.169444797	0	1
0.166324431	0	0
0.360671723	0	1
0.385162082	0	1
0.166322402	0	0
0.472367256	0	1
0.762924574	1	1
0.166677877	0	0
0.166341272	0	0
0.762310693	1	1
0.166326869	0	0
0.166362945	0	0
0.200857470	0	0
0.166377000	0	0
0.324706459	0	1
0.166322441	0	0
0.704608293	1	1
0.762924571	1	1
0.166323565	0	1
0.166322775	0	1
0.754342509	1	1
0.752584578	1	0
0.194164889	0	1
0.166328188	0	0
0.167699615	0	0
0.762924613	1	1
0.762921001	1	1
0.166340240	0	0
0.166808042	0	0
0.762667459	1	1
0.166330363	0	0
0.166521641	0	0
0.168724899	0	1
0.167198202	0	0
0.176745903	0	0
0.166345540	0	0
0.344499889	0	0
0.762909037	1	0
0.762894027	1	1
0.166322426	0	0
0.762875675	1	1
0.166322673	0	0
0.330562891	0	0
0.166326399	0	0
0.688762412	1	0
0.762924613	1	1
0.762924613	1	1
0.166539430	0	0
0.762924613	1	1
0.167138422	0	0
0.761122836	1	1
0.640335932	1	0
0.171000996	0	0
0.166464639	0	0
0.757746334	1	0
0.762924613	1	1
0.752553948	1	0
0.658476268	1	1
0.173256856	0	1
0.762924613	1	1
0.183681428	0	0
0.166744949	0	0
0.166345147	0	0
0.166347341	0	1
0.562990386	1	1
0.762924610	1	1
0.294053725	0	1
0.182424406	0	1
0.762924582	1	1
0.166326929	0	0
0.166354402	0	0
0.166567873	0	0
0.762765984	1	0
0.166322963	0	0
0.461835245	0	0
0.762924613	1	1
0.166325355	0	0
0.762924613	1	1
0.170339314	0	0
0.166322548	0	0
0.166516620	0	0
0.166323296	0	0
0.166330288	0	0
0.574141567	1	1
0.167308235	0	0
0.166322850	0	0
0.166484917	0	0
0.259494855	0	0
0.166326885	0	0
0.166346426	0	1
0.198949754	0	1
0.166323483	0	0
0.166322354	0	0
0.166552558	0	0
0.166376314	0	0
0.166495485	0	1
0.198968515	0	0
0.762924560	1	1
0.762924605	1	1
0.166352923	0	0
0.762924613	1	0
0.166365608	0	0
0.738512010	1	1
0.762410353	1	0
0.166343218	0	0
0.260733858	0	0
0.651833775	1	1
0.335963457	0	0
0.736746586	1	1
0.749060772	1	0
0.261936293	0	0
0.166341015	0	0
0.166356566	0	0
0.166873333	0	0
0.762924613	1	1
0.166322791	0	0
0.173564052	0	1
0.166324530	0	0
0.728145438	1	1
0.166323807	0	0
0.166337012	0	0
0.762340332	1	1
0.166326132	0	0
0.166885561	0	0
0.167422045	0	0
0.166946264	0	1
0.166463786	0	0
0.166322577	0	0
0.166720703	0	0
0.762844725	1	1
0.167126269	0	0
0.168567933	0	1
0.166330467	0	0
0.172028689	0	1
0.762924613	1	1
0.166322966	0	0
0.335882196	0	0
0.166323613	0	0
0.762924613	1	1
0.166349166	0	0
0.166323207	0	0
0.166323334	0	0
0.760725286	1	1
0.168120412	0	0
0.758674494	1	1
0.198503002	0	0
0.166322349	0	0
0.166671321	0	1
0.166372347	0	0
0.762924262	1	1
0.761885542	1	1
0.178880145	0	1
0.166327984	0	0
0.762924613	1	1
0.755791088	1	1
0.393461234	0	1
0.166332987	0	0
0.166339341	0	0
0.762924613	1	1
0.762621747	1	1
0.167734223	0	1
0.661844273	1	1
0.166439862	0	0
0.166333640	0	0
0.166576973	0	0
0.167797060	0	0
0.166639378	0	0
0.166414289	0	0
0.166457499	0	0
0.166322412	0	0
0.166328416	0	1
0.762924163	1	1
0.762924613	1	1
0.656736985	1	0
0.166325643	0	0
0.762924613	1	1
0.173340021	0	0
0.166474946	0	0
0.762924480	1	1
0.166323918	0	0
0.166322544	0	0
0.233656965	0	1
0.179932169	0	0
0.167238424	0	0
0.166542196	0	0
0.166324220	0	0
0.166413853	0	1
0.743029105	1	1
0.166322322	0	0
0.197095662	0	0
0.762924613	1	1
0.167894083	0	1
0.762687610	1	1
0.758488562	1	1
0.185592938	0	0
0.762824780	1	0
0.166323424	0	0
0.166322766	0	0
0.166322920	0	0
0.762924613	1	1
0.166358446	0	0
0.762911874	1	1
0.166351240	0	0
0.170226770	0	0
0.399539823	0	1
0.762730270	1	0
0.683613660	1	0
0.166350590	0	0
0.166327210	0	0
0.166526735	0	1
0.166336693	0	0
0.762924613	1	1
0.166400060	0	0
0.166322657	0	0
0.167985795	0	0
0.718574298	1	1
0.602754312	1	1
0.166322467	0	0
0.738859976	1	1
0.183855485	0	0
0.762924605	1	1
0.762852561	1	0
0.762768497	1	1
0.344540035	0	1
0.169870128	0	0
0.166322614	0	0
0.762924613	1	1
0.762922159	1	1
0.166323166	0	0
0.166323748	0	0
0.762913650	1	1
0.166382067	0	0
0.703464505	1	0
0.166324145	0	0
0.166383231	0	0
0.762924613	1	1
0.166431059	0	0
0.166324072	0	0
0.762047661	1	1
0.166322895	0	0
0.166323319	0	1
0.166324711	0	0
0.166327327	0	0
0.166655784	0	0
0.361652549	0	0
0.166327086	0	0
0.166324405	0	0
0.172623908	0	0
0.762924504	1	1
0.216599568	0	0
0.347354519	0	0
0.166324918	0	0
0.283749723	0	0
0.204489957	0	0
0.166557575	0	0
0.166332509	0	0
0.225316751	0	0
0.166484999	0	0
0.166322521	0	0
0.166324800	0	0
0.254075976	0	1
0.166347074	0	0
0.166347185	0	1
0.167606460	0	0
0.166325773	0	0
0.166327252	0	0
0.762924613	1	1
0.630233676	1	0
0.168099777	0	1
0.528048103	1	0
0.166506525	0	0
0.299136147	0	1
0.166323733	0	0
0.166323116	0	1
0.187863058	0	0
0.166331481	0	1
0.166322737	0	0
0.166323198	0	0
0.725947072	1	0
0.168425669	0	0
0.166712088	0	0
0.166323467	0	0
0.166329701	0	0
0.186529588	0	0
0.762827544	1	1
0.166322469	0	1
0.181763941	0	0
0.166328310	0	0
0.166381154	0	0
0.364084323	0	1
0.166463643	0	0
0.166960450	0	1
0.166537609	0	0
0.178550994	0	1
0.166322876	0	0
0.750645370	1	1
0.166344757	0	0
0.762714591	1	0
0.166326356	0	0
0.214429526	0	0
0.166331073	0	0
0.167060400	0	0
0.166350226	0	0
0.370398689	0	0
0.761329879	1	0
0.639834064	1	1
0.745760169	1	0
0.642995852	1	0
0.166416760	0	0
0.166583545	0	0
0.166322379	0	0
0.743684726	1	1
0.756701084	1	0
0.762923695	1	1
0.166323642	0	0
0.166323576	0	1
0.168034977	0	0
0.166323560	0	0
0.166353361	0	0
0.166385885	0	0
0.166342540	0	1
0.760997852	1	1
0.166323244	0	0
0.760324167	1	0
0.166325312	0	0
0.737710936	1	1
0.762924613	1	1
0.166341656	0	0
0.166322540	0	0
0.177590257	0	1
0.167019804	0	0
0.166425156	0	0
0.166349797	0	0
0.166325687	0	0
0.274941670	0	0
0.166329280	0	0
0.184868249	0	0
0.166566687	0	0
0.762924613	1	1
0.182267777	0	1
0.183392877	0	1
0.166336250	0	0
0.167316384	0	0
0.762924613	1	1
0.167175366	0	1
0.166525618	0	0
0.762924595	1	1
0.224412439	0	1
0.167965566	0	1
0.167179252	0	1
0.762302588	1	1
0.166323955	0	0
0.166324510	0	0
0.534741916	1	0
0.762924613	1	1
0.166323302	0	1
0.166903795	0	1
0.166322982	0	0
0.166329343	0	0
0.762924613	1	1
0.762421859	1	1
0.762923597	1	1
0.166492735	0	0
0.166324624	0	0
0.166648326	0	0
0.664112322	1	1
0.166497673	0	0
0.166348781	0	0
0.762924055	1	1
0.195617423	0	1
0.462719656	0	1
0.166322660	0	0
0.167527132	0	0
0.762924291	1	1
0.762924613	1	1
0.166322355	0	0
0.166322649	0	0
0.167276552	0	0
0.431428779	0	1
0.468525738	0	1
0.166343166	0	0
0.762924607	1	1
0.166322860	0	0
0.761197390	1	1
0.762733014	1	1
0.166630414	0	0
0.176753082	0	1
0.172790483	0	0
0.200028142	0	0
0.166457759	0	0
0.168269851	0	0
0.762907117	1	1
0.762917702	1	0
0.188188051	0	0
0.762924613	1	1
0.167371767	0	0
0.168525040	0	0
0.756177562	1	1
0.762889771	1	1
0.166351044	0	0
0.167682830	0	1
0.168287225	0	0
0.166366783	0	0
0.167307681	0	0
0.166325618	0	0
0.166393971	0	0
0.590470145	1	0
0.204077872	0	1
0.166591412	0	0
0.762924613	1	1
0.762920717	1	1
0.168497373	0	0
0.181915103	0	0
0.168097866	0	0
0.166325521	0	0
0.747083592	1	1
0.762924613	1	1
0.166332452	0	0
0.534326605	1	0
0.610897305	1	1
0.197155348	0	0
0.166388295	0	0
0.167584370	0	1
0.166322901	0	0
0.745572904	1	1
0.762923621	1	1
0.762878425	1	1
0.739943534	1	1
0.167015584	0	0
0.170425650	0	0
0.171223094	0	1
0.172191908	0	0
0.166381256	0	0
0.166324866	0	0
0.166322711	0	0
0.635123812	1	0
0.170265271	0	0
0.166460018	0	0
0.166866052	0	1
0.166354372	0	0
0.762323882	1	1
0.762924613	1	1
0.187374906	0	1
0.166338638	0	0
0.166322930	0	0
0.227309523	0	0
0.180592624	0	1
0.166732738	0	0
0.166528984	0	0
0.762916223	1	1
0.762330700	1	1
0.738523513	1	0
0.166322498	0	1
0.166364230	0	0
0.168975264	0	0
0.691238615	1	0
0.166330172	0	0
0.166325454	0	1
0.167556517	0	1
0.191775703	0	0
0.760633390	1	0
0.680698968	1	0
0.166324074	0	0
0.329219548	0	0
0.166327186	0	0
0.166327009	0	0
0.195469785	0	0
0.169101998	0	1
0.757625081	1	1
0.166347150	0	0
0.166323022	0	0
0.759989296	1	1
0.166361570	0	1
0.166466187	0	0
0.762923554	1	1
0.748819247	1	0
0.180822911	0	0
0.167812845	0	0
0.654954299	1	0
0.169708098	0	1
0.734297951	1	1
0.167503563	0	0
0.166860479	0	0
0.166410407	0	0
0.609641422	1	1
0.166323591	0	0
0.166327973	0	0
0.166324489	0	0
0.166749987	0	0
0.166326718	0	0
0.166330574	0	1
0.166325333	0	0
0.166527760	0	0
0.694320628	1	0
0.168832324	0	1
0.174856098	0	0
0.166335893	0	0
0.305216060	0	1
0.166352580	0	0
0.166328225	0	0
0.167179284	0	0
0.166324484	0	1
0.166349619	0	0
0.166325616	0	0
0.759486474	1	0
0.761562509	1	1
0.166706059	0	1
0.166828004	0	0
0.601792752	1	0
0.166324907	0	0
0.185661387	0	0
0.166659508	0	0
0.166324806	0	1
0.166373565	0	0
0.182587075	0	1
0.484774664	0	0
0.174397506	0	0
0.168670275	0	0
0.166324755	0	1
0.166583685	0	0
0.175020792	0	0
0.166380199	0	0
0.166338098	0	0
0.762585636	1	0
0.166323304	0	0
0.762924613	1	1
0.762842403	1	0
0.167595843	0	0
0.246132862	0	0
0.172468219	0	0
0.166332407	0	0
0.166324114	0	0
0.762924613	1	1
0.174903374	0	0
0.166855648	0	0
0.736588539	1	1
0.166409503	0	0
0.255154579	0	0
0.166323661	0	0
0.762924613	1	1
0.762921682	1	1
0.166690998	0	0
0.625215529	1	0
0.762924319	1	1
0.166337340	0	0
0.762924604	1	1
0.167091715	0	0
0.762924613	1	1
0.166350634	0	0
0.762924610	1	0
0.166335642	0	1
0.166399738	0	0
0.762924613	1	1
0.167021680	0	0
0.166531060	0	0
0.413579122	0	0
0.762924613	1	1
0.762870346	1	1
0.226513992	0	0
0.166323468	0	0
0.166329251	0	0
0.171080580	0	0
0.174390181	0	0
0.591973613	1	0
0.166336926	0	0
0.166409278	0	0
0.181198739	0	0
0.166337031	0	0
0.166477164	0	0
0.173259902	0	0
0.166354588	0	0
0.166327919	0	0
0.166324833	0	0
0.762918338	1	1
0.166360731	0	1
0.762924613	1	1
0.762139444	1	0
0.166323945	0	0
0.761935734	1	1
0.166323520	0	0
0.762859282	1	0
0.168284466	0	0
0.762775193	1	1
0.187949726	0	0
0.166322629	0	0
0.166658931	0	0
0.166339493	0	0
0.166336376	0	0
0.166325908	0	0
0.166464291	0	0
0.762140954	1	1
0.762625771	1	0
0.762924613	1	1
0.166497156	0	0
0.762590636	1	0
0.167350171	0	1
0.167550420	0	0
0.711697532	1	0
0.761010314	1	0
0.173196317	0	0
0.254596039	0	0
0.166322458	0	0
0.762924611	1	1
0.171123061	0	1
0.166384927	0	0
0.166324640	0	1
0.166323125	0	0
0.166322389	0	0
0.166394391	0	0
0.166341241	0	0
0.166354198	0	1
0.166484574	0	0
0.166329856	0	0
0.166325037	0	0
0.166322994	0	0
0.749505471	1	0
0.443997472	0	1
0.762402373	1	0
0.166327351	0	1
0.166329327	0	0
0.762924612	1	1
0.754148740	1	1
0.167707745	0	1
0.166825663	0	0
0.166326005	0	0
0.755071316	1	0
0.166326583	0	0
0.762924613	1	1
0.166347275	0	0
0.751125140	1	1
0.762924611	1	1
0.166324915	0	0
0.166322311	0	0
0.762924569	1	1
0.173640667	0	0
0.762924613	1	1
0.166324286	0	0
0.762857175	1	1
0.485562269	0	0
0.166338197	0	0
0.521994468	1	0
0.166322846	0	0
0.762924613	1	1
0.166323676	0	0
0.761384657	1	1
0.166328054	0	0
0.196626094	0	0
0.166323766	0	0
0.166322554	0	1
0.166323798	0	0
0.166322979	0	0
0.214214487	0	0
0.166324792	0	0
0.166322860	0	0
0.166325446	0	0
0.166322466	0	0
0.166322354	0	0
0.166429961	0	0
0.762924613	1	1
0.167152074	0	0
0.166687372	0	0
0.762924613	1	1
0.752386514	1	0
0.695482595	1	0
0.166392958	0	0
0.166322440	0	0
0.752080999	1	0
0.166469651	0	0
0.762891746	1	0
0.166322871	0	0
0.179397349	0	1
0.166935712	0	0
0.761391269	1	1
0.166323607	0	0
0.762924613	1	1
0.166322788	0	0
0.759775198	1	0
0.166334860	0	0
0.166323001	0	0
0.166388161	0	0
0.762785778	1	1
0.762924613	1	1
0.166324933	0	0
0.350030412	0	1
0.166627489	0	0
0.175937562	0	0
0.710732708	1	0
0.762923376	1	1
0.166335451	0	0
0.762924613	1	1
0.341513007	0	0
0.762924482	1	1
0.762924613	1	1
0.747830348	1	1
0.166324002	0	0
0.208649073	0	0
0.166690010	0	0
0.166385203	0	0
0.166322351	0	0
0.166342861	0	0
0.166672540	0	0
0.176252946	0	1
0.166323229	0	0
0.166324854	0	1
0.171694108	0	1
0.166325244	0	0
0.762923761	1	1
0.762923960	1	1
0.166324618	0	0
0.166364416	0	0
0.255081567	0	1
0.166429964	0	0
0.166486474	0	0
0.762924613	1	1
0.651878127	1	0
0.762924613	1	1
0.762857268	1	1
0.166322526	0	0
0.762924572	1	1
0.167267043	0	1
0.166326871	0	0
0.166370419	0	0
0.166592388	0	0
0.761129631	1	0
0.762924613	1	1
0.642256441	1	0
0.762319677	1	1
0.166324194	0	1
0.166324494	0	0
0.166326328	0	0
0.166508060	0	0
0.364635774	0	0
0.166372397	0	0
0.166322532	0	1
0.762924613	1	1
0.761706966	1	0
0.489183946	0	1
0.762924613	1	1
0.166402452	0	0
0.166631915	0	0
0.166419123	0	0
0.166385929	0	1
0.166409167	0	0
0.166334474	0	0
0.728489870	1	0
0.166323605	0	0
0.166428782	0	0
0.166560124	0	1
0.762923928	1	1
0.762796458	1	1
0.166328441	0	0
0.166324185	0	0
0.166324402	0	0
0.762924613	1	1
0.760234571	1	1
0.166351722	0	0
0.739910596	1	1
0.762924515	1	1
0.166327044	0	0
0.233794277	0	1
0.762918109	1	0
0.166482720	0	0
0.166383198	0	0
0.166344289	0	1
0.167859298	0	0
0.166336765	0	0
0.172684969	0	1
0.194073030	0	1
0.166325001	0	0
0.166329555	0	0
0.166327932	0	0
0.209597360	0	1
0.166340365	0	0
0.406087008	0	0
0.166322403	0	0
0.172164066	0	0
0.166322409	0	0
0.166623103	0	0
0.167301388	0	0
0.167412634	0	0
0.166329193	0	0
0.166366095	0	0
0.175097333	0	0
0.758658152	1	0
0.752875218	1	0
0.166897761	0	0
0.746051829	1	1
0.168247216	0	1
0.166394923	0	0
0.166323915	0	0
0.166329619	0	0
0.744795754	1	1
0.166359480	0	0
0.167993580	0	0
0.166440288	0	0
0.762924613	1	1
0.166323560	0	0
0.177747905	0	0
0.166326570	0	1
0.166322995	0	0
0.166333113	0	0
0.166360731	0	0
0.762924613	1	1
0.166334667	0	0
0.762924613	1	1
0.166358704	0	0
0.167426097	0	1
0.762924611	1	1
0.358260590	0	0
0.183980320	0	0
0.166462826	0	0
0.166346066	0	0
0.762924613	1	1
0.166365584	0	0
0.166326239	0	0
0.762924613	1	1
0.762924579	1	0
0.406769768	0	0
0.170439098	0	1
0.167454434	0	0
0.545417231	1	0
0.166442977	0	0
0.166353265	0	0
0.166402977	0	1
0.713780434	1	0
0.166322321	0	0
0.166326580	0	0
0.166458761	0	0
0.166340226	0	0
0.756910077	1	1
0.261880608	0	0
0.166373251	0	0
0.195059583	0	0
0.166366927	0	0
0.762851249	1	0
0.762816018	1	1
0.166399869	0	1
0.166323270	0	0
0.166344119	0	0
0.762875794	1	1
0.166324651	0	0
0.166372491	0	0
0.166322377	0	0
0.166394876	0	0
0.167369886	0	0
0.166329625	0	1
0.762924613	1	1
0.166426953	0	1
0.762069555	1	1
0.166346942	0	0
0.176701443	0	0
0.260134364	0	0
0.166323136	0	0
0.470196370	0	1
0.167155371	0	0
0.166323120	0	0
0.166905132	0	0
0.166688697	0	0
0.166322411	0	1
0.170763476	0	0
0.166429045	0	0
0.221786647	0	0
0.709350008	1	1
0.762924613	1	1
0.172156671	0	0
0.660238190	1	0
0.441756472	0	0
0.197446711	0	0
0.166475226	0	1
0.166701322	0	1
0.178846843	0	0
0.482892049	0	1
0.166371242	0	0
0.762834092	1	1
0.166322814	0	0
0.166326254	0	0
0.166324863	0	0
0.170807985	0	1
0.166326075	0	0
0.173720044	0	1
0.699055284	1	0
0.166360360	0	1
0.757697367	1	1
0.762244003	1	0
0.174132726	0	0
0.762924613	1	1
0.166357574	0	0
0.166336680	0	0
0.166326140	0	0
0.166465572	0	0
0.204698929	0	0
0.166366330	0	0
0.168679473	0	0
0.762924601	1	1
0.167768277	0	0
0.177299859	0	0
0.166325289	0	0
0.166367564	0	1
0.166379343	0	0
0.761939325	1	0
0.403651107	0	1
0.757527468	1	0
0.166704488	0	0
0.166322585	0	0
0.166322585	0	0
0.762924613	1	1
0.168766258	0	0
0.166447362	0	0
0.754734896	1	0
0.169296104	0	0
0.166326863	0	0
0.166325778	0	0
0.757176831	1	0
0.166328810	0	0
0.762924343	1	1
0.169615842	0	0
0.278073264	0	1
0.166324780	0	0
0.166323104	0	0
0.744625693	1	0
0.166327039	0	0
0.169850354	0	1
0.333271388	0	1
0.762865226	1	1
0.166323046	0	1
0.762924613	1	1
0.762924613	1	1
0.166324791	0	0
0.166670027	0	0
0.757331075	1	1
0.606942460	1	1
0.168002392	0	0
0.202593430	0	1
0.166721744	0	1
0.166373712	0	0
0.762905471	1	1
0.166720498	0	0
0.166345182	0	0
0.196944185	0	0
0.166537067	0	0
0.329099798	0	0
0.762709289	1	0
0.183059669	0	0
0.166347303	0	0
0.166876769	0	0
0.760563383	1	1
0.167415817	0	0
0.166325276	0	0
0.166366618	0	0
0.167506485	0	1
0.166343142	0	0
0.166384507	0	0
0.166377509	0	0
0.350181590	0	0
0.166617512	0	0
0.746845857	1	0
0.166364994	0	0
0.193004839	0	0
0.760762808	1	1
0.608550464	1	0
0.166328879	0	0
0.166326337	0	0
0.166342232	0	0
0.762924327	1	1
0.166334726	0	1
0.762924581	1	1
0.166329372	0	1
0.166412564	0	0
0.166407822	0	0
0.762924613	1	1
0.166322514	0	0
0.611270681	1	0
0.166324073	0	0
0.166323997	0	0
0.166323094	0	0
0.166325835	0	0
0.166375451	0	0
0.166322787	0	0
0.760944406	1	1
0.221135786	0	0
0.761796291	1	1
0.166338532	0	0
0.479528399	0	1
0.762086207	1	1
0.762924609	1	0
0.166492394	0	1
0.166616139	0	0
0.762924394	1	1
0.166341992	0	0
0.303902346	0	1
0.166416460	0	0
0.757951008	1	0
0.166821662	0	0
0.166322416	0	0
0.330669908	0	0
0.166322416	0	0
0.735452141	1	1
0.200997549	0	1
0.738368536	1	1
0.166820714	0	1
0.166328316	0	0
0.169019689	0	1
0.172969388	0	0
0.762832305	1	1
0.746849234	1	0
0.760110645	1	1
0.166322473	0	0
0.762924613	1	1
0.335822397	0	0
0.762627791	1	1
0.166359980	0	0
0.167973209	0	0
0.166488714	0	0
0.502030079	1	1
0.167207156	0	1
0.166456193	0	0
0.166815602	0	1
0.762716151	1	0
0.745669888	1	1
0.166334935	0	0
0.166327264	0	1
0.166497397	0	0
0.166332288	0	0
0.166498945	0	0
0.184178178	0	0
0.169522437	0	0
0.762650269	1	1
0.166359468	0	0
0.219294348	0	0
0.166512838	0	0
0.166322360	0	1
0.166328425	0	0
0.166370157	0	0
0.758497687	1	1
0.167532161	0	0
0.166707400	0	0
0.166326307	0	0
0.166328087	0	0
0.166326359	0	0
0.166460856	0	0
0.166322316	0	0
0.761223580	1	0
0.762850235	1	1
0.176144081	0	1
0.657679505	1	0
0.166560244	0	0
0.175408751	0	1
0.166354156	0	1
0.762924613	1	1
0.199127617	0	1
0.762770378	1	0
0.166589825	0	0
0.166323136	0	0
0.762924613	1	1
0.170308812	0	0
0.519294854	1	1
0.762924613	1	1
0.166770370	0	0
0.167622229	0	0
0.762924613	1	1
0.756112428	1	0
0.166355544	0	0
0.166516584	0	0
0.166656615	0	0
0.166703936	0	0
0.166327221	0	0
0.433661210	0	0
0.762887204	1	1
0.166323826	0	0
0.762836885	1	1
0.168020471	0	0
0.168280206	0	1
0.166323389	0	0
0.169154655	0	0
0.207200110	0	0
0.167195823	0	0
0.166323168	0	0
0.762924613	1	1
0.176144114	0	0
0.166325126	0	0
0.166617382	0	0
0.166323693	0	0
0.166332537	0	0
0.166323469	0	0
0.759812139	1	1
0.166324516	0	0
0.166330915	0	0
0.723952837	1	0
0.166322879	0	0
0.166327008	0	0
0.762924611	1	1
0.759595193	1	1
0.166449144	0	0
0.166322931	0	0
0.166372046	0	0
0.166360255	0	0
0.166323416	0	0
0.166615211	0	0
0.166346217	0	0
0.166499931	0	0
0.188543775	0	0
0.170442270	0	0
0.166404433	0	0
0.762880740	1	1
0.166344216	0	0
0.166341194	0	0
0.166353853	0	0
0.166322681	0	0
0.761075632	1	0
0.166322949	0	1
0.166322633	0	0
0.167801849	0	0
0.748151035	1	1
0.166924711	0	0
0.301816193	0	0
0.762924176	1	1
0.680489357	1	0
0.166324840	0	0
0.166330397	0	0
0.762882122	1	1
0.762893928	1	1
0.411887922	0	1
0.166323060	0	0
0.249264871	0	0
0.240719098	0	1
0.762924535	1	1
0.173384403	0	0
0.761041984	1	1
0.166325884	0	0
0.215563554	0	0
0.166868740	0	0
0.166331810	0	0
0.762923108	1	1
0.600440094	1	0
0.166336098	0	0
0.166323157	0	0
0.166327767	0	0
0.288424467	0	1
0.166322597	0	1
0.238683701	0	1
0.166343934	0	1
0.762137403	1	0
0.166322659	0	0
0.166339360	0	0
0.166327094	0	0
0.762901929	1	0
0.166322551	0	0
0.166338939	0	0
0.166324094	0	1
0.166322399	0	1
0.762857631	1	1
0.762921701	1	1
0.166323944	0	0
0.762915895	1	1
0.316575548	0	0
0.166322952	0	0
0.762924580	1	1
0.166356989	0	0
0.166379397	0	0
0.762454033	1	1
0.737808250	1	0
0.758866966	1	1
0.762924613	1	1
0.166337328	0	0
0.166324455	0	0
0.166328064	0	0
0.172761651	0	1
0.166334704	0	0
0.166324877	0	0
0.169462078	0	0
0.762924613	1	1
0.166323596	0	0
0.177262967	0	0
0.166334060	0	0
0.178544119	0	1
0.413684461	0	1
0.761575745	1	1
0.477701733	0	0
0.762924613	1	1
0.166348559	0	1
0.706271191	1	0
0.762919217	1	1
0.166410953	0	0
0.343552268	0	0
0.166365996	0	0
0.762619944	1	0
0.762917502	1	1
0.166864860	0	1
0.295123268	0	0
0.762546180	1	0
0.168136526	0	1
0.693389243	1	0
0.210709033	0	1
0.166329074	0	0
0.166323838	0	0
0.166499906	0	0
0.166778406	0	0
0.761323407	1	1
0.216742486	0	0
0.706863168	1	1
0.605317332	1	0
0.526035473	1	1
0.166329579	0	0
0.185262635	0	1
0.537385307	1	0
0.762924513	1	1
0.762924613	1	1
0.762353241	1	0
0.166323387	0	0
0.167070294	0	1
0.167669660	0	0
0.166326752	0	0
0.762924613	1	1
0.174545195	0	0
0.535084471	1	1
0.166343109	0	0
0.166351268	0	0
0.762726934	1	0
0.166346075	0	0
0.166377582	0	0
0.166351306	0	1
0.706343392	1	1
0.762208826	1	0
0.166339232	0	0
0.166324165	0	0
0.761683876	1	1
0.166324554	0	0
0.166322404	0	0
0.762924613	1	1
0.166328926	0	0
0.166571985	0	0
0.180309055	0	0
0.762924613	1	1
0.166328832	0	1
0.166322595	0	0
0.761535551	1	0
0.166325301	0	1
0.166324293	0	0
0.166327662	0	0
0.630653827	1	1
0.762924613	1	1
0.755565154	1	0
0.213732135	0	1
0.166324351	0	0
0.172559367	0	0
0.166331892	0	0
0.762924613	1	1
0.762814152	1	1
0.166325357	0	0
0.166324308	0	0
0.167333485	0	0
0.762536825	1	0
0.762885995	1	1
0.166323251	0	0
0.762890896	1	1
0.166362577	0	0
0.762924613	1	1
0.166323547	0	1
0.762924607	1	1
0.240534102	0	0
0.166347378	0	0
0.166336276	0	0
0.166349163	0	0
0.166518347	0	0
0.166322880	0	0
0.166343883	0	0
0.166612996	0	0
0.762918664	1	1
0.166322649	0	0
0.166397059	0	0
0.758057896	1	1
0.166531029	0	0
0.167022107	0	0
0.167382209	0	0
0.762924613	1	1
0.169464144	0	0
0.166405204	0	1
0.166599509	0	0
0.762920451	1	1
0.762924613	1	1
0.202515518	0	0
0.166363177	0	0
0.762924613	1	1
0.166644319	0	1
0.208803830	0	0
0.762924613	1	1
0.166323049	0	0
0.739221179	1	0
0.762924613	1	1
0.762107991	1	1
0.166324095	0	0
0.688332118	1	1
0.166338463	0	0
0.166366069	0	0
0.166897445	0	0
0.166434583	0	0
0.166324205	0	0
0.762924468	1	1
0.177572451	0	0
0.762924613	1	1
0.762009907	1	1
0.762924603	1	1
0.719895427	1	0
0.762924613	1	1
0.166339463	0	0
0.166443602	0	0
0.168494858	0	0
0.183167248	0	0
0.617443826	1	1
0.754697125	1	0
0.760858226	1	1
0.166619641	0	0
0.761045904	1	1
0.215960800	0	0
0.762924613	1	1
0.166445971	0	0
0.756884713	1	1
0.166420692	0	1
0.282284962	0	0
0.166376845	0	0
0.762077093	1	0
0.166325081	0	1
0.167195911	0	0
0.762924613	1	1
0.166325635	0	0
0.168818651	0	0
0.166436038	0	0
0.704885843	1	0
0.706572656	1	1
0.166323788	0	0
0.762291342	1	1
0.166351397	0	0
0.171539421	0	0
0.762924554	1	1
0.386430482	0	0
0.166327003	0	0
0.188457348	0	0
0.171946002	0	0
0.166326755	0	0
0.762831367	1	1
0.166323051	0	0
0.561802291	1	0
0.762924613	1	1
0.166323316	0	0
0.166788845	0	0
0.762924613	1	1
0.166323262	0	0
0.245762839	0	1
0.166474243	0	0
0.762793849	1	1
0.759982128	1	0
0.703359129	1	1
0.166343616	0	0
0.166324378	0	0
0.198383078	0	1
0.166395969	0	0
0.430687552	0	1
0.762924610	1	1
0.222920874	0	0
0.166331188	0	0
0.169491530	0	1
0.762902915	1	1
0.170556292	0	0
0.166555159	0	0
0.740804957	1	1
0.166338630	0	0
0.167182107	0	0
0.167025275	0	1
0.166361428	0	0
0.220824683	0	1
0.187319926	0	0
0.166492712	0	0
0.512598090	1	1
0.762892057	1	1
0.166426473	0	1
0.166322333	0	0
0.762924613	1	1
0.718111249	1	0
0.166323638	0	0
0.166330309	0	0
0.762924613	1	1
0.166399048	0	0
0.166426184	0	0
0.249963250	0	0
0.762907404	1	1
0.166326923	0	0
0.762924613	1	1
0.752534697	1	1
0.166329337	0	0
0.762923097	1	1
0.204440245	0	0
0.166335445	0	0
0.167123633	0	0
0.174322252	0	0
0.167742068	0	1
0.166322821	0	0
0.166761671	0	0
0.184271247	0	0
0.762635638	1	1
0.762876923	1	1
0.762924433	1	1
0.166327247	0	0
0.166322646	0	0
0.166331947	0	0
0.166685428	0	0
0.287775442	0	0
0.166323450	0	0
0.249573167	0	1
0.208431594	0	0
0.364896394	0	1
0.685820561	1	1
0.166324176	0	0
0.166323243	0	0
0.540946677	1	1
0.762702324	1	0
0.166339660	0	0
0.761539526	1	1
0.166722122	0	0
0.762525149	1	0
0.166329206	0	0
0.166376411	0	0
0.181888987	0	1
0.166340543	0	0
0.762866981	1	1
0.166323127	0	0
0.762924613	1	1
0.166322481	0	0
0.762923452	1	0
0.166322430	0	0
0.166714498	0	0
0.166363360	0	0
0.166333925	0	0
0.215302026	0	0
0.166323491	0	0
0.166322783	0	1
0.730753853	1	0
0.166324970	0	0
0.762924613	1	1
0.166328116	0	0
0.762848230	1	1
0.761909875	1	1
0.166520084	0	0
0.166322721	0	0
0.242702873	0	0
0.762708973	1	1
0.756714856	1	0
0.166350898	0	0
0.166483201	0	0
0.762924613	1	1
0.166322521	0	0
0.762924610	1	1
0.743035050	1	1
0.762794267	1	1
0.166587970	0	1
0.166358991	0	0
0.166556957	0	0
0.169300768	0	1
0.170954261	0	0
0.166482687	0	0
0.373757282	0	0
0.217201393	0	0
0.166354322	0	0
0.166339683	0	0
0.691914109	1	0
0.170616642	0	0
0.166659418	0	0
0.166326484	0	0
0.167207540	0	0
0.166322674	0	0
0.166322436	0	0
0.166355544	0	0
0.166322824	0	0
0.183218395	0	0
0.166323717	0	0
0.166322689	0	0
0.759625358	1	0
0.760809511	1	1
0.759436033	1	0
0.166484761	0	0
0.166369449	0	0
0.196091320	0	0
0.762924613	1	1
0.166629702	0	1
0.166324162	0	0
0.676214616	1	0
0.166339015	0	0
0.166352273	0	0
0.166324680	0	0
0.166856685	0	1
0.166331628	0	0
0.461268592	0	0
0.166325748	0	0
0.723306266	1	1
0.440528638	0	1
0.166366525	0	0
0.166323474	0	0
0.734249588	1	0
0.197734895	0	0
0.727792573	1	1
0.166331032	0	0
0.166342640	0	1
0.752104570	1	0
0.717885108	1	1
0.166333519	0	0
0.166323844	0	0
0.166322622	0	0
0.166437609	0	0
0.167339668	0	0
0.166428708	0	0
0.762924613	1	1
0.203480901	0	1
0.166324506	0	0
0.741912319	1	1
0.166329537	0	0
0.328833476	0	1
0.166323241	0	0
0.547045145	1	0
0.683461505	1	0
0.762897363	1	1
0.762924610	1	1
0.166335854	0	0
0.762641950	1	1
0.175506450	0	0
0.762924613	1	1
0.201801110	0	0
0.166397157	0	0
0.762921873	1	1
0.166334657	0	0
0.762921287	1	1
0.166323106	0	1
0.762924613	1	1
0.166322403	0	0
0.166329159	0	1
0.166323800	0	1
0.762924613	1	1
0.762919782	1	1
0.762726047	1	0
0.166331519	0	0
0.166328143	0	1
0.166351443	0	1
0.166322433	0	0
0.167404017	0	0
0.166322960	0	0
0.762839362	1	1
0.204472222	0	1
0.166330295	0	0
0.762924613	1	1
0.167993466	0	1
0.580220162	1	1
0.724699652	1	0
0.762923175	1	1
0.322526830	0	1
0.166480962	0	0
0.761064222	1	0
0.213460006	0	0
0.166327665	0	0
0.166322498	0	0
0.171269355	0	1
0.166348931	0	0
0.166644329	0	0
0.166514364	0	0
0.761704908	1	0
0.166431091	0	0
0.761230698	1	0
0.626666646	1	1
0.166322603	0	0
0.762476774	1	0
0.167072228	0	0
0.166371685	0	0
0.172356151	0	0
0.166327888	0	0
0.762704561	1	1
0.166336490	0	0
0.166324285	0	0
0.744581060	1	1
0.179857792	0	1
0.167173216	0	0
0.364591108	0	1
0.166327331	0	0
0.762123270	1	1
0.166434796	0	0
0.193254411	0	1
0.175225657	0	0
0.187003394	0	0
0.762924613	1	1
0.166322478	0	0
0.166370693	0	0
0.748735503	1	1
0.166420289	0	1
0.762905868	1	0
0.202276745	0	1
0.166327300	0	0
0.166329082	0	0
0.166329482	0	0
0.166569862	0	0
0.166322380	0	0
0.762924613	1	1
0.166354035	0	0
0.166325871	0	0
0.169414180	0	0
0.166341918	0	0
0.167384655	0	0
0.762924585	1	1
0.760984345	1	0
0.178825818	0	0
0.240175381	0	0
0.173348116	0	0
0.166345335	0	0
0.166324288	0	0
0.167279691	0	0
0.193015910	0	0
0.193511631	0	1
0.760283895	1	0
0.168160637	0	0
0.166328744	0	0
0.750208950	1	1
0.166328298	0	0
0.166667203	0	0
0.166375996	0	0
0.171145413	0	0
0.682623411	1	1
0.166328733	0	1
0.704247083	1	0
0.400681805	0	1
0.166333679	0	1
0.234704305	0	0
0.166326575	0	0
0.168355581	0	0
0.719848656	1	0
0.759722202	1	0
0.762921897	1	1
0.762924613	1	1
0.169251915	0	0
0.167123483	0	0
0.166371822	0	0
0.166322658	0	0
0.761912947	1	0
0.166401756	0	0
0.166325878	0	0
0.166330598	0	0
0.166328280	0	1
0.166323439	0	1
0.762924613	1	1
0.166360913	0	0
0.172426543	0	0
0.166362959	0	0
0.166436057	0	0
0.757192923	1	1
0.166323246	0	0
0.693413466	1	1
0.166546908	0	0
0.205529613	0	1
0.762924613	1	1
0.166341249	0	0
0.166322508	0	0
0.166430483	0	1
0.762924613	1	1
0.166337275	0	0
0.762924613	1	1
0.762900880	1	0
0.166338647	0	1
0.167317131	0	0
0.537285789	1	0
0.662243295	1	1
0.761869013	1	1
0.658855272	1	0
0.393592731	0	1
0.166332400	0	0
0.762924613	1	1
0.166350263	0	0
0.722154959	1	1
0.166334092	0	0
0.168015733	0	0
0.238778531	0	0
0.527797373	1	0
0.762924613	1	1
0.762920755	1	1
0.755027460	1	1
0.762924613	1	1
0.166466013	0	0
0.166323875	0	0
0.166328470	0	0
0.166322440	0	0
0.166348697	0	0
0.166494047	0	0
0.214609440	0	1
0.183529901	0	0
0.166333735	0	0
0.166323666	0	0
0.734200841	1	1
0.166323837	0	0
0.762924611	1	1
0.355252466	0	0
0.166517054	0	0
0.166329712	0	0
0.459406124	0	0
0.213857087	0	0
0.166486819	0	1
0.635214612	1	1
0.166322635	0	0
0.166326260	0	0
0.166323346	0	0
0.166327680	0	0
0.758328419	1	1
0.758549851	1	1
0.166324385	0	0
0.166458608	0	0
0.756634055	1	1
0.166322539	0	0
0.166322480	0	0
0.202853433	0	1
0.181200402	0	1
0.762924613	1	1
0.172568354	0	0
0.697891049	1	0
0.166399082	0	1
0.756806021	1	0
0.229182617	0	0
0.641813990	1	0
0.166744639	0	0
0.177314973	0	0
0.169412316	0	0
0.166329230	0	0
0.166326968	0	0
0.167799232	0	0
0.166325121	0	0
0.166332565	0	0
0.166323490	0	0
0.762923905	1	1
0.166333937	0	0
0.166322888	0	0
0.166544677	0	0
0.166338199	0	0
0.166329257	0	0
0.762906778	1	1
0.166447677	0	0
0.762924613	1	1
0.166405639	0	0
0.762647228	1	0
0.667322159	1	1
0.207061446	0	0
0.761275921	1	1
0.751603811	1	0
0.732610937	1	1
0.746758628	1	0
0.166370156	0	0
0.757509868	1	1
0.166475490	0	0
0.166331103	0	0
0.762924613	1	1
0.183482762	0	0
0.651464191	1	0
0.166322804	0	0
0.754300071	1	1
0.201253070	0	0
0.427356824	0	0
0.762924613	1	1
0.166885716	0	1
0.762517058	1	1
0.166910236	0	1
0.191912797	0	0
0.166351062	0	0
0.188000977	0	0
0.246849791	0	1
0.761798340	1	1
0.762924613	1	1
0.166377574	0	0
0.760755967	1	1
0.167130914	0	1
0.166404356	0	0
0.762924613	1	1
0.710960674	1	0
0.166334662	0	0
0.523565931	1	0
0.182711965	0	0
0.546320899	1	0
0.166370823	0	0
0.166324210	0	0
0.170487370	0	0
0.762924590	1	1
0.166322443	0	1
0.762924613	1	1
0.166327287	0	0
0.762911652	1	1
0.166381970	0	0
0.752383606	1	0
0.166325133	0	0
0.762836605	1	1
0.166323457	0	0
0.248595488	0	1
0.169195040	0	0
0.166535805	0	0
0.762924613	1	1
0.761588781	1	0
0.745256571	1	0
0.419490201	0	1
0.762915993	1	1
0.166323748	0	1
0.762924613	1	1
0.166361962	0	0
0.179743947	0	1
0.166331220	0	0
0.737115971	1	1
0.166407840	0	0
0.762924613	1	1
0.166326799	0	1
0.208746186	0	0
0.180092177	0	0
0.762368718	1	0
0.167069160	0	0
0.166356057	0	0
0.209357368	0	1
0.762924607	1	1
0.166340942	0	0
0.176159382	0	1
0.166338464	0	0
0.762912862	1	0
0.166404258	0	1
0.166336822	0	0
0.759423450	1	1
0.275162444	0	0
0.762891387	1	1
0.166325634	0	0
0.166323578	0	0
0.167236621	0	0
0.170748532	0	0
0.762924611	1	1
0.166341726	0	0
0.452550302	0	0
0.166322428	0	0
0.166786952	0	1
0.167507842	0	1
0.166405873	0	0
0.166358283	0	0
0.762924613	1	1
0.166405562	0	0
0.166325154	0	0
0.756790430	1	0
0.167000931	0	0
0.166322395	0	0
0.166336012	0	1
0.166360093	0	0
0.166569561	0	0
0.166623227	0	0
0.385423109	0	1
0.166334369	0	0
0.166608283	0	1
0.166329738	0	0
0.166328867	0	0
0.761905916	1	0
0.762924535	1	1
0.752560198	1	1
0.762924612	1	1
0.166326080	0	0
0.203134049	0	1
0.762923949	1	1
0.260098990	0	1
0.682296081	1	1
0.166328819	0	0
0.166324175	0	0
0.639680669	1	0
0.195639983	0	0
0.760797071	1	1
0.166364152	0	0
0.166325340	0	0
0.167038847	0	0
0.762710951	1	1
0.181449106	0	0
0.166654482	0	0
0.166329537	0	0
0.166327185	0	0
0.243685132	0	0
0.762924232	1	1
0.761554865	1	1
0.653725162	1	0
0.173665175	0	0
0.727957277	1	1
0.762924613	1	1
0.750797445	1	1
0.715151669	1	0
0.166352625	0	0
0.166323630	0	0
0.168751497	0	0
0.172471023	0	1
0.166322350	0	0
0.166430986	0	0
0.259086941	0	1
0.762917511	1	1
0.172955921	0	1
0.762849698	1	1
0.166322598	0	1
0.167130931	0	0
0.559541844	1	1
0.166323375	0	0
0.166371432	0	0
0.757845439	1	0
0.173319184	0	0
0.166333372	0	0
0.166322493	0	0
0.170010087	0	0
0.762183618	1	1
0.762924613	1	1
0.666501222	1	1
0.726101759	1	0
0.700534613	1	0
0.166527756	0	0
0.174356403	0	0
0.762597929	1	1
0.168876755	0	1
0.751247271	1	1
0.166325378	0	0
0.166322449	0	1
0.754753663	1	1
0.166360749	0	0
0.173391264	0	0
0.166332795	0	0
0.166327280	0	0
0.166412488	0	0
0.166360069	0	0
0.431431890	0	0
0.166349904	0	0
0.529525838	1	1
0.166323920	0	0
0.753933831	1	1
0.166360157	0	0
0.762885201	1	1
0.220351657	0	0
0.397950958	0	0
0.549834344	1	1
0.166410275	0	1
0.761999084	1	1
0.634454040	1	0
0.167219469	0	1
0.166322918	0	0
0.178473335	0	0
0.166903356	0	0
0.440809872	0	0
0.166336007	0	0
0.166336757	0	0
0.166356613	0	1
0.166525845	0	1
0.735855529	1	1
0.762924613	1	1
0.166323560	0	0
0.166332822	0	1
0.166323154	0	0
0.170109880	0	0
0.166322958	0	1
0.475303909	0	1
0.166329387	0	0
0.167614384	0	0
0.168242107	0	0
0.762105581	1	1
0.166413378	0	0
0.327842470	0	0
0.762924096	1	1
0.166323604	0	1
0.170004373	0	1
0.166327133	0	0
0.166646398	0	0
0.166423282	0	0
0.654265380	1	0
0.166322435	0	0
0.175659846	0	0
0.166324181	0	0
0.167357764	0	0
0.762924613	1	1
0.221995721	0	1
0.168256086	0	1
0.762924607	1	1
0.166326027	0	0
0.762924613	1	1
0.166591218	0	0
0.166323941	0	0
0.166330325	0	0
0.167223994	0	0
0.762924522	1	1
0.166322943	0	0
0.759441910	1	0
0.166324860	0	1
0.166322397	0	0
0.762860261	1	1
0.166327739	0	0
0.762924613	1	1
0.762917420	1	1
0.166324151	0	0
0.166324089	0	0
0.762919219	1	1
0.762924613	1	1
0.166571229	0	0
0.166615360	0	0
0.166876442	0	0
0.166342484	0	0
0.756617002	1	0
0.166470799	0	0
0.190634727	0	1
0.166501737	0	0
0.190672757	0	0
0.728755466	1	1
0.208549281	0	0
0.166325776	0	0
0.166391298	0	1
0.166348236	0	1
0.166998107	0	0
0.166669814	0	0
0.166435428	0	1
0.166325590	0	0
0.762891419	1	0
0.227967213	0	1
0.233911477	0	0
0.166323854	0	0
0.166323402	0	0
0.166669421	0	0
0.759664019	1	1
0.166322706	0	0
0.762924613	1	0
0.166416295	0	0
0.166609330	0	1
0.762858868	1	0
0.166400186	0	0
0.166328450	0	0
0.166593480	0	0
0.552600869	1	0
0.166448832	0	0
0.166413615	0	0
0.177869058	0	0
0.185940777	0	1
0.169338194	0	0
0.166452117	0	0
0.166327736	0	0
0.166322729	0	0
0.727769577	1	0
0.762924613	1	1
0.166322686	0	0
0.166322778	0	0
0.166520358	0	0
0.761830420	1	1
0.760588726	1	0
0.166329745	0	0
0.170477797	0	1
0.166633213	0	0
0.166731324	0	0
0.166412910	0	0
0.166337226	0	0
0.166322415	0	1
0.166862504	0	0
0.337015925	0	1
0.166337534	0	0
0.671822454	1	0
0.221085710	0	1
0.761963485	1	1
0.762924613	1	1
0.762923583	1	1
0.718729774	1	1
0.375570158	0	1
0.367603117	0	0
0.166336205	0	1
0.762924613	1	1
0.762792996	1	1
0.166334603	0	0
0.500456408	1	1
0.587517794	1	1
0.191254145	0	0
0.166335575	0	0
0.166512387	0	0
0.762924613	1	1
0.586979855	1	0
0.762924613	1	1
0.760983907	1	1
0.364596782	0	0
0.166323950	0	1
0.294674677	0	1
0.166885884	0	0
0.166416416	0	0
0.752423564	1	0
0.727379684	1	1
0.166326030	0	0
0.166324073	0	0
0.166360378	0	0
0.166335996	0	0
0.166323483	0	0
0.166917485	0	0
0.761996313	1	1
0.762924394	1	1
0.166324847	0	0
0.166322524	0	0
0.762924613	1	1
0.166428435	0	0
0.166421598	0	1
0.166331188	0	0
0.761466813	1	0
0.166342358	0	0
0.274618921	0	1
0.166906306	0	0
0.166942744	0	1
0.762108845	1	1
0.166323746	0	0
0.267987630	0	1
0.380526875	0	1
0.166398680	0	0
0.166326982	0	0
0.761987551	1	0
0.166329452	0	1
0.166384182	0	0
0.166329777	0	0
0.166536113	0	0
0.169654977	0	1
0.386900480	0	1
0.167789981	0	0
0.166322453	0	0
0.762924612	1	1
0.198890932	0	0
0.313513087	0	0
0.166356113	0	0
0.166323268	0	0
0.166323453	0	1
0.166322346	0	0
0.166340905	0	0
0.760780760	1	1
0.762924613	1	0
0.761311185	1	1
0.166323079	0	0
0.166322679	0	0
0.751967201	1	1
0.603987453	1	1
0.762924613	1	1
0.166677076	0	0
0.439293694	0	0
0.750583882	1	1
0.166967730	0	0
0.166322525	0	0
0.166324416	0	0
0.172459513	0	0
0.762921714	1	1
0.167294847	0	0
0.175027614	0	1
0.762924613	1	1
0.166328303	0	0
0.173006287	0	0
0.458931008	0	1
0.166620198	0	1
0.169095791	0	0
0.209582507	0	1
0.166322580	0	0
0.762888683	1	1
0.293651373	0	1
0.166323154	0	0
0.166399027	0	0
0.336823344	0	0
0.166418018	0	1
0.739168394	1	1
0.166324187	0	0
0.762756361	1	0
0.166322896	0	0
0.201661706	0	0
0.168679938	0	0
0.166322404	0	0
0.762924610	1	1
0.762919565	1	1
0.735955867	1	1
0.166357828	0	0
0.166324890	0	0
0.207751551	0	0
0.762924613	1	1
0.762679395	1	1
0.224734482	0	0
0.166381890	0	0
0.219793839	0	0
0.166324105	0	0
0.166664901	0	0
0.168693513	0	0
0.185133400	0	1
0.167065879	0	0
0.216328817	0	1
0.167450425	0	0
0.745548611	1	0
0.166323000	0	0
0.731716481	1	1
0.168461293	0	0
0.762052144	1	1
0.761682767	1	1
0.166343399	0	1
0.166434610	0	0
0.522510190	1	1
0.727973207	1	1
0.211097191	0	0
0.762924613	1	1
0.762586108	1	1
0.749050647	1	1
0.166446060	0	0
0.166418808	0	0
0.724884941	1	1
0.166335042	0	0
0.166339606	0	1
0.166334573	0	0
0.166322625	0	0
0.166597018	0	0
0.166445684	0	0
0.166349593	0	0
0.169644302	0	0
0.166329079	0	0
0.166440525	0	0
0.166331587	0	0
0.166325348	0	0
0.762924613	1	1
0.169329079	0	1
0.167547078	0	0
0.762924613	1	0
0.260809800	0	0
0.166322464	0	0
0.166504353	0	0
0.762796094	1	1
0.166323012	0	0
0.166378601	0	1
0.668219659	1	0
0.169470655	0	1
0.166328831	0	0
0.166323757	0	0
0.762924526	1	1
0.166324309	0	0
0.168082014	0	0
0.762924613	1	1
0.166423878	0	0
0.166604537	0	1
0.538650647	1	0
0.166322440	0	0
0.169919044	0	1
0.761879065	1	1
0.166348156	0	0
0.190067324	0	0
0.166865760	0	0
0.169971970	0	0
0.670571904	1	0
0.166322577	0	0
0.168460259	0	0
0.762924613	1	1
0.168682134	0	1
0.266598741	0	0
0.762924613	1	1
0.169731108	0	0
0.166326353	0	0
0.627619651	1	1
0.166362482	0	0
0.166324519	0	0
0.167242309	0	0
0.762924613	1	1
0.166323774	0	1
0.691762914	1	1
0.166393500	0	0
0.708075055	1	1
0.166336866	0	0
0.166382338	0	1
0.166322452	0	0
0.166466361	0	1
0.469989179	0	0
0.166325957	0	0
0.166340887	0	1
0.708586260	1	1
0.166416398	0	0
0.166345935	0	0
0.166349253	0	0
0.762691644	1	1
0.166326447	0	0
0.166642504	0	0
0.762924613	1	1
0.166511103	0	0
0.166329779	0	0
0.762924613	1	1
0.762922337	1	1
0.166329159	0	0
0.166333252	0	0
0.762924613	1	1
0.166322942	0	0
0.762869878	1	0
0.166325683	0	0
0.166336044	0	0
0.762924613	1	1
0.166360233	0	0
0.166334966	0	0
0.762924613	1	1
0.166359620	0	0
0.762865886	1	1
0.166322694	0	0
0.166634597	0	0
0.166326299	0	0
0.251385821	0	0
0.166363315	0	1
0.224502432	0	0
0.762704136	1	1
0.166677888	0	0
0.193591547	0	1
0.762924187	1	1
0.166347008	0	0
0.166457753	0	0
0.752162769	1	0
0.166665632	0	0
0.166436490	0	0
0.226034077	0	0
0.166330720	0	0
0.166322338	0	0
0.479208615	0	0
0.762900754	1	0
0.166322996	0	0
0.166665152	0	0
0.762924613	1	1
0.715396878	1	1
0.168084695	0	0
0.166322933	0	1
0.760685668	1	1
0.166340023	0	0
0.166331696	0	0
0.166322543	0	0
0.172561028	0	1
0.762918689	1	1
0.166421210	0	1
0.166323706	0	0
0.166322567	0	0
0.762924613	1	1
0.166350735	0	0
0.221822035	0	0
0.166322408	0	0
0.168727243	0	0
0.560996022	1	1
0.222641646	0	1
0.762924590	1	1
0.166427824	0	1
0.691691983	1	0
0.568196551	1	1
0.762915537	1	1
0.762774143	1	0
0.166836054	0	1
0.756645406	1	1
0.166344450	0	1
0.762924613	1	1
0.228957682	0	1
0.166331572	0	1
0.177588632	0	0
0.166324152	0	0
0.166678458	0	0
0.592175608	1	0
0.192484388	0	1
0.170362532	0	0
0.166879682	0	0
0.166331902	0	0
0.760211029	1	1
0.166322631	0	0
0.762923779	1	1
0.536815805	1	1
0.166445300	0	0
0.166324818	0	0
0.166322616	0	0
0.760653779	1	1
0.166323490	0	0
0.761884318	1	1
0.166322437	0	0
0.234583866	0	0
0.762690832	1	1
0.169489330	0	0
0.166325590	0	0
0.166990865	0	0
0.166323553	0	0
0.762924613	1	1
0.167286186	0	0
0.762631138	1	1
0.167537775	0	0
0.166609796	0	0
0.168828919	0	1
0.168750904	0	0
0.166347560	0	0
0.166322679	0	0
0.169441878	0	0
0.616522708	1	1
0.762924549	1	1
0.750200875	1	0
0.371785522	0	0
0.762332097	1	1
0.166322320	0	0
0.166323159	0	0
0.758789654	1	0
0.166446058	0	0
0.585554818	1	1
0.168145936	0	1
0.762811454	1	0
0.166322954	0	0
0.204995345	0	1
0.166338418	0	0
0.166339619	0	0
0.167386047	0	0
0.269580047	0	0
0.166324274	0	0
0.166325741	0	0
0.166456810	0	0
0.762922796	1	1
0.166331295	0	0
0.166470177	0	1
0.166323018	0	0
0.762800657	1	1
0.762904872	1	1
0.166437034	0	0
0.755736420	1	1
0.166366346	0	0
0.166335966	0	0
0.166389548	0	0
0.166329612	0	0
0.166326010	0	0
0.166322377	0	0
0.166977737	0	0
0.166324352	0	1
0.200844214	0	0
0.168019247	0	0
0.736360232	1	1
0.175174493	0	0
0.166735903	0	1
0.762924613	1	1
0.167016205	0	1
0.707797908	1	1
0.166390791	0	0
0.166324611	0	0
0.166745301	0	0
0.762704635	1	1
0.166348900	0	0
0.166440822	0	0
0.201635205	0	0
0.247317647	0	1
0.167108160	0	0
0.166336456	0	1
0.166333794	0	0
0.166672452	0	0
0.166322503	0	0
0.736117593	1	0
0.166324363	0	0
0.166536957	0	0
0.166583413	0	0
0.166324142	0	0
0.762924602	1	1
0.166329005	0	1
0.167464672	0	0
0.762924577	1	1
0.167071331	0	1
0.168465559	0	0
0.661139140	1	0
0.166350254	0	0
0.754999892	1	0
0.695203146	1	0
0.166322328	0	0
0.762922494	1	1
0.689866348	1	0
0.166422044	0	1
0.166338711	0	0
0.175598998	0	1
0.748619146	1	1
0.166351417	0	0
0.167970295	0	0
0.166412577	0	1
0.759937391	1	1
0.176235034	0	0
0.166393856	0	0
0.166521686	0	0
0.197864675	0	0
0.177373990	0	0
0.166358661	0	0
0.166675249	0	0
0.250358659	0	0
0.170764047	0	0
0.193346909	0	0
0.762594211	1	0
0.166506928	0	0
0.760622189	1	0
0.166323042	0	0
0.761956357	1	1
0.215558305	0	1
0.166323159	0	0
0.501436896	1	0
0.166373462	0	0
0.166333014	0	0
0.166906174	0	0
0.188870276	0	0
0.760994665	1	1
0.166343488	0	0
0.166323292	0	0
0.308267957	0	1
0.166326714	0	0
0.762572220	1	0
0.166366739	0	0
0.167277639	0	0
0.167714302	0	1
0.304103767	0	1
0.754872571	1	1
0.762924613	1	1
0.166647411	0	0
0.166322392	0	0
0.762452672	1	1
0.686052496	1	1
0.167193459	0	0
0.177362217	0	1
0.178430643	0	0
0.284950248	0	0
0.166324239	0	0
0.189837514	0	0
0.166326186	0	0
0.762924532	1	1
0.392106498	0	0
0.268115745	0	1
0.167403860	0	0
0.206282584	0	0
0.166323519	0	0
0.222743951	0	0
0.762912291	1	1
0.762876273	1	1
0.762924612	1	1
0.166326007	0	0
0.166322851	0	0
0.753764869	1	1
0.166342773	0	0
0.762924613	1	1
0.167011681	0	1
0.284336657	0	1
0.762924592	1	1
0.762924613	1	1
0.166632173	0	0
0.169883958	0	1
0.169031681	0	0
0.166347356	0	1
0.166323900	0	0
0.188998282	0	1
0.183059017	0	0
0.760754320	1	1
0.762896016	1	1
0.754376052	1	0
0.743685846	1	0
0.526215153	1	1
0.168657898	0	1
0.168498561	0	0
0.285307619	0	1
0.166323838	0	0
0.166878577	0	0
0.167236060	0	0
0.760120688	1	1
0.166323024	0	0
0.166378250	0	0
0.762406200	1	1
0.553324486	1	1
0.762924593	1	1
0.741693592	1	0
0.167619201	0	0
0.762919219	1	1
0.172396020	0	0
0.166436720	0	0
0.166322804	0	0
0.166323055	0	0
0.166324066	0	1
0.762924613	1	1
0.762924613	1	1
0.167721082	0	0
0.166365043	0	0
0.762924610	1	1
0.166324708	0	0
0.166707940	0	1
0.166379466	0	0
0.331511484	0	0
0.166449749	0	0
0.166403384	0	1
0.166384774	0	1
0.166322434	0	0
0.762448829	1	0
0.166347626	0	1
0.762736746	1	1
0.762924613	1	1
0.742728244	1	0
0.762918810	1	1
0.166846003	0	0
0.166322568	0	0
0.736657664	1	0
0.169213429	0	1
0.166323542	0	0
0.762897957	1	1
0.166763256	0	0
0.166341667	0	0
0.742429915	1	1
0.166322421	0	0
0.166399085	0	0
0.762181447	1	1
0.166328262	0	0
0.762924613	1	1
0.166332432	0	0
0.186785745	0	0
0.762924613	1	1
0.166352174	0	0
0.166338211	0	0
0.166368118	0	0
0.166323024	0	0
0.166934729	0	0
0.762922491	1	1
0.172631464	0	0
0.177593555	0	0
0.166342297	0	0
0.166533817	0	0
0.240719098	0	1
0.762924613	1	1
0.762913945	1	1
0.166339242	0	1
0.742958769	1	1
0.166375143	0	0
0.166565090	0	0
0.762733745	1	0
0.166324496	0	1
0.762923194	1	0
0.166323001	0	0
0.762924613	1	1
0.166325975	0	0
0.173450339	0	1
0.166323113	0	0
0.517218462	1	1
0.166328704	0	0
0.166325166	0	0
0.166322366	0	1
0.166346769	0	0
0.166430602	0	0
0.745170761	1	0
0.168256086	0	1
0.198299361	0	0
0.166384044	0	0
0.762853408	1	0
0.180685592	0	0
0.168606874	0	0
0.166326624	0	0
0.166403432	0	0
0.166326439	0	0
0.166330803	0	0
0.166370074	0	1
0.168641392	0	0
0.762500729	1	0
0.166323827	0	0
0.166345838	0	0
0.762273913	1	1
0.184420391	0	0
0.762924613	1	1
0.762502962	1	0
0.166323673	0	0
0.762924613	1	1
0.166323180	0	0
0.167337568	0	0
0.762083615	1	1
0.166324065	0	0
0.762924613	1	0
0.166344835	0	0
0.166347071	0	0
0.643604959	1	0
0.166334329	0	0
0.166327604	0	0
0.761944699	1	0
0.166322826	0	0
0.166322609	0	0
0.166323524	0	0
0.166362184	0	0
0.168129421	0	0
0.166427463	0	0
0.166322376	0	0
0.166367950	0	1
0.166631719	0	0
0.166322591	0	0
0.762711842	1	1
0.753389096	1	1
0.305561804	0	1
0.186672599	0	1
0.166324860	0	0
0.166323295	0	0
0.167710098	0	0
0.166322686	0	0
0.752451241	1	1
0.166323247	0	0
0.311170868	0	0
0.166385123	0	0
0.761748148	1	1
0.166323197	0	1
0.171366233	0	1
0.762924613	1	1
0.166322561	0	0
0.166383224	0	0
0.166945720	0	0
0.166335945	0	0
0.166342348	0	0
0.166335180	0	0
0.183579964	0	0
0.756751646	1	1
0.760383654	1	1
0.166361170	0	0
0.762922130	1	0
0.168291864	0	0
0.514244537	1	1
0.166531467	0	0
0.762924613	1	1
0.168084259	0	0
0.762554911	1	1
0.166424500	0	1
0.166322690	0	0
0.175177148	0	0
0.644614649	1	0
0.169273120	0	0
0.166381020	0	0
0.761347979	1	0
0.166568862	0	0
0.166468673	0	0
0.166379604	0	1
0.166323437	0	0
0.762507446	1	1
0.521898283	1	1
0.166637506	0	1
0.762924613	1	1
0.166344215	0	0
0.756219889	1	0
0.166688075	0	0
0.166476581	0	0
0.169461921	0	0
0.762921378	1	1
0.166323557	0	0
0.762923801	1	1
0.762903050	1	1
0.166438437	0	0
0.762924613	1	1
0.166728238	0	1
0.756205885	1	0
0.166520090	0	0
0.166523657	0	0
0.762875292	1	1
0.762377389	1	1
0.762916754	1	1
0.762924613	1	1
0.458996440	0	1
0.166329346	0	0
0.166366738	0	0
0.206377188	0	1
0.166324149	0	0
0.384620670	0	1
0.170309280	0	0
0.737384988	1	0
0.166523753	0	0
0.172688286	0	0
0.166331133	0	0
0.173320181	0	1
0.166395961	0	0
0.166322638	0	0
0.166322779	0	0
0.177062816	0	1
0.166323144	0	0
0.530137568	1	1
0.166380696	0	0
0.762924612	1	1
0.166322559	0	0
0.730659734	1	0
0.166376634	0	1
0.757633118	1	0
0.166498691	0	1
0.166563921	0	0
0.166327036	0	0
0.166322750	0	0
0.689745850	1	1
0.166329600	0	0
0.166324868	0	0
0.166322454	0	0
0.762924612	1	1
0.762924613	1	1
0.762817547	1	1
0.166343244	0	0
0.166325533	0	0
0.166323314	0	0
0.167451477	0	0
0.166959583	0	0
0.180068104	0	0
0.166324404	0	1
0.166330346	0	0
0.167832628	0	1
0.166322736	0	0
0.167214898	0	0
0.166621570	0	0
0.762920811	1	1
0.166322405	0	0
0.762914920	1	1
0.166322538	0	0
0.175342805	0	0
0.166334812	0	0
0.166378416	0	0
0.193304378	0	1
0.751419752	1	1
0.762924613	1	1
0.762924613	1	1
0.166322817	0	0
0.166637158	0	0
0.180040398	0	0
0.166322969	0	0
0.245381664	0	1
0.762817827	1	1
0.169235456	0	1
0.166328612	0	0
0.166324374	0	0
0.166322367	0	1
0.741917939	1	0
0.762547736	1	0
0.762924613	1	1
0.166342499	0	1
0.166610984	0	1
0.166718790	0	0
0.395977639	0	1
0.168098079	0	0
0.241146803	0	0
0.220364751	0	0
0.166338672	0	1
0.166355899	0	0
0.762924613	1	1
0.166322948	0	0
0.166396130	0	1
0.762924613	1	1
0.166329505	0	0
0.695177007	1	0
0.762923214	1	1
0.746486058	1	1
0.760827444	1	1
0.760033909	1	1
0.167128590	0	0
0.167701519	0	1
0.166329223	0	0
0.170064037	0	0
0.762390429	1	1
0.166327942	0	0
0.166322689	0	0
0.178057522	0	0
0.171679412	0	0
0.166326301	0	0
0.166329805	0	1
0.166324538	0	0
0.166336958	0	0
0.260431976	0	1
0.166593561	0	1
0.166322628	0	0
0.166322596	0	0
0.683228945	1	1
0.166537613	0	0
0.558112855	1	0
0.171322023	0	0
0.169122698	0	1
0.166609609	0	0
0.166324026	0	0
0.166323912	0	0
0.166461879	0	0
0.166326547	0	0
0.166324388	0	0
0.166536836	0	1
0.166322900	0	0
0.166330542	0	0
0.168055076	0	0
0.762924613	1	1
0.166372772	0	0
0.166323376	0	0
0.762924613	1	1
0.762924613	1	1
0.194266931	0	0
0.172347610	0	1
0.166322448	0	0
0.542250638	1	1
0.169379788	0	0
0.166530302	0	1
0.751313140	1	1
0.762749510	1	1
0.675746922	1	0
0.265326976	0	0
0.682081940	1	0
0.166324787	0	0
0.168349783	0	0
0.735430672	1	0
0.166358478	0	0
0.190531613	0	0
0.240110938	0	1
0.762918454	1	1
0.166436335	0	0
0.167558342	0	1
0.166322825	0	0
0.166371987	0	0
0.223395502	0	1
0.745510274	1	0
0.166324303	0	0
0.760832942	1	1
0.166391870	0	0
0.762924613	1	1
0.166322469	0	0
0.166322781	0	0
0.166328793	0	1
0.166327905	0	0
0.205767147	0	1
0.417816381	0	0
0.234174762	0	0
0.429241584	0	1
0.166323069	0	0
0.166629025	0	0
0.762924613	1	1
0.436545602	0	0
0.762923855	1	1
0.166371390	0	0
0.762425302	1	1
0.762406822	1	0
0.166326641	0	0
0.166324408	0	0
0.166353704	0	0
0.762754480	1	0
0.762755084	1	1
0.761886549	1	0
0.166623744	0	0
0.166323301	0	0
0.166323752	0	0
0.166346840	0	0
0.166370369	0	0
0.166700331	0	0
0.750149596	1	0
0.762924613	1	1
0.168018017	0	0
0.166323080	0	0
0.166330438	0	0
0.166330028	0	0
0.166323237	0	0
0.166353605	0	0
0.582151992	1	1
0.166911744	0	0
0.166374484	0	1
0.218978400	0	0
0.762924611	1	0
0.166322816	0	0
0.166322986	0	0
0.166323803	0	0
0.166327329	0	0
0.748297701	1	1
0.761696907	1	1
0.166331649	0	0
0.167222996	0	1
0.758989810	1	0
0.166344758	0	0
0.166322935	0	0
0.762351316	1	1
0.174221820	0	1
0.167451215	0	1
0.762924065	1	1
0.168675241	0	0
0.166333410	0	0
0.586029050	1	1
0.166512441	0	0
0.762924613	1	1
0.166322448	0	0
0.762924344	1	1
0.166331159	0	0
0.762924613	1	1
0.762924613	1	1
0.254262949	0	1
0.166330447	0	0
0.762924562	1	1
0.166573770	0	0
0.166866569	0	0
0.166338985	0	0
0.757431864	1	1
0.166322421	0	0
0.762768058	1	1
0.166341941	0	0
0.762924391	1	1
0.755916168	1	0
0.762920999	1	1
0.762713065	1	1
0.166400084	0	0
0.167155167	0	1
0.744071689	1	1
0.171906892	0	1
0.166341777	0	0
0.168445987	0	0
0.166510967	0	0
0.166323563	0	0
0.175263180	0	0
0.738266803	1	0
0.166410057	0	0
0.167408067	0	0
0.166999140	0	0
0.762924378	1	1
0.762924613	1	1
0.166758492	0	0
0.166324219	0	0
0.166588695	0	0
0.193130405	0	1
0.762924613	1	1
0.299184379	0	0
0.166325080	0	0
0.762891465	1	1
0.166334973	0	0
0.166375122	0	1
0.166482120	0	0
0.166362662	0	1
0.172164051	0	0
0.166325257	0	0
0.762775876	1	1
0.762924601	1	1
0.166328744	0	0
0.166322646	0	0
0.168306577	0	0
0.166447082	0	0
0.166323231	0	0
0.167876274	0	0
0.167120761	0	0
0.762922380	1	0
0.166323186	0	0
0.166324668	0	0
0.516814009	1	1
0.166331981	0	0
0.166347727	0	0
0.762924610	1	1
0.166323531	0	0
0.166354488	0	0
0.762763169	1	1
0.166393439	0	0
0.762924507	1	1
0.166327138	0	0
0.166328562	0	0
0.172860588	0	0
0.166323464	0	0
0.170152924	0	1
0.176798142	0	1
0.166326085	0	0
0.166503018	0	0
0.464887015	0	1
0.762924613	1	1
0.166580650	0	0
0.166685502	0	1
0.762921917	1	1
0.762924573	1	1
0.201672882	0	1
0.762924613	1	1
0.762924613	1	1
0.762924613	1	1
0.167054561	0	0
0.166324318	0	0
0.166323851	0	0
0.762843385	1	1
0.166322757	0	0
0.166323829	0	0
0.166324414	0	0
0.167232733	0	1
0.762323305	1	0
0.168490841	0	1
0.167123748	0	0
0.166325927	0	1
0.166323064	0	0
0.166459289	0	0
0.199398140	0	0
0.762686084	1	1
0.170227059	0	1
0.377431081	0	0
0.166943231	0	0
0.166347697	0	0
0.754651317	1	1
0.166323034	0	0
0.166410488	0	0
0.192559264	0	0
0.668151932	1	1
0.166389907	0	0
0.179846479	0	1
0.762627491	1	1
0.166364315	0	0
0.166354093	0	0
0.167222971	0	0
0.612235581	1	1
0.762924613	1	1
0.495394790	0	1
0.172304352	0	0
0.166323142	0	0
0.166322560	0	0
0.709176985	1	1
0.175633906	0	0
0.166379876	0	0
0.167236964	0	1
0.259923887	0	0
0.180446922	0	0
0.762534067	1	1
0.761542760	1	1
0.166399556	0	0
0.762844521	1	0
0.762900527	1	0
0.437554390	0	0
0.166446035	0	1
0.280986157	0	1
0.166323339	0	0
0.166322720	0	0
0.269346723	0	0
0.166323459	0	0
0.166322363	0	0
0.762924613	1	1
0.203811025	0	1
0.166641808	0	0
0.166588810	0	0
0.166327548	0	0
0.166327724	0	0
0.167420952	0	0
0.762924613	1	1
0.761278738	1	1
0.170027642	0	1
0.760717130	1	1
0.241611030	0	0
0.166322322	0	0
0.760274510	1	1
0.167310992	0	0
0.166323818	0	0
0.759094980	1	1
0.166355799	0	1
0.169403675	0	1
0.166322757	0	1
0.762924613	1	1
0.166333325	0	0
0.166520739	0	0
0.167078440	0	0
0.752375107	1	0
0.762924613	1	1
0.752188572	1	1
0.166323695	0	0
0.762924613	1	1
0.166358325	0	0
0.762924030	1	1
0.166329671	0	0
0.166564802	0	0
0.166349052	0	0
0.166414008	0	0
0.762924613	1	1
0.166334091	0	0
0.166584224	0	0
0.166322360	0	0
0.756123949	1	0
0.166322539	0	0
3111	910
0.657637321294
